MI|TE1|rTE1|TE2|rTE2|2|3_1|3_2|4_1|4_2|5|6_1|6_2|3_1_I|3_2_I|4_1_I|4_2_I|5_I|6_1_I|6_2_I|
001:+0.001|+0.002|+0.001|+0.002|+0.002|-0.001|+0.003|+0.000|+0.000|-0.009|-0.000|-0.006|-0.000|+1.299|+1.383|+0.000|+0.010|-0.000|+1.310|+1.384|
002:+0.001|+0.003|+0.002|+0.002|+0.002|-0.001|+0.003|+0.000|-0.000|-0.004|+0.000|-0.003|+0.001|+1.301|+1.384|+0.000|+0.001|-0.000|+1.303|+1.383|
003:+0.000|+0.002|+0.002|+0.002|+0.001|-0.000|-0.006|+0.001|+0.000|+0.008|-0.000|+0.002|-0.001|+1.304|+1.384|-0.000|-0.003|+0.000|+1.301|+1.384|
004:+0.000|+0.002|+0.001|+0.001|+0.003|+0.001|+0.004|-0.001|-0.000|-0.009|-0.000|-0.006|+0.001|+1.298|+1.384|+0.000|+0.004|-0.000|+1.303|+1.383|
005:+0.001|+0.002|+0.003|+0.002|+0.002|-0.000|+0.001|+0.001|+0.000|+0.002|+0.001|+0.002|-0.000|+1.302|+1.384|-0.000|-0.004|-0.000|+1.297|+1.384|
006:+0.000|+0.002|+0.002|+0.001|+0.002|+0.001|-0.001|-0.000|+0.000|+0.006|-0.000|+0.005|+0.001|+1.302|+1.385|-0.000|-0.002|+0.000|+1.299|+1.384|
007:+0.000|+0.001|+0.002|+0.001|+0.001|+0.001|+0.003|-0.000|-0.000|-0.005|-0.000|-0.000|-0.001|+1.301|+1.385|+0.000|+0.004|+0.000|+1.304|+1.385|
008:+0.000|+0.002|+0.001|+0.001|+0.002|+0.000|-0.003|+0.001|-0.000|-0.004|+0.001|-0.008|+0.000|+1.304|+1.384|+0.000|-0.001|-0.000|+1.304|+1.384|
009:+0.000|+0.001|+0.001|+0.001|+0.002|+0.001|-0.003|-0.000|+0.000|+0.003|-0.000|+0.001|+0.000|+1.301|+1.385|-0.000|-0.005|+0.000|+1.296|+1.384|
010:+0.000|+0.002|+0.001|+0.001|+0.002|-0.000|+0.001|-0.001|+0.000|+0.008|-0.000|+0.008|-0.000|+1.298|+1.384|-0.000|-0.001|-0.000|+1.297|+1.384|
011:+0.000|+0.002|+0.002|+0.002|+0.002|-0.001|+0.006|-0.000|+0.000|-0.011|+0.000|-0.006|-0.001|+1.299|+1.384|-0.000|+0.006|-0.000|+1.305|+1.384|
012:+0.000|+0.002|+0.002|+0.002|+0.003|+0.001|-0.004|+0.001|-0.000|+0.002|+0.001|-0.002|+0.001|+1.305|+1.384|+0.000|-0.005|+0.000|+1.300|+1.383|
013:+0.000|+0.002|+0.001|+0.002|+0.002|+0.001|+0.003|-0.000|-0.000|-0.002|-0.001|+0.001|+0.000|+1.300|+1.384|+0.000|-0.003|+0.001|+1.297|+1.384|
014:+0.000|+0.002|+0.002|+0.002|+0.002|-0.000|-0.005|-0.001|+0.000|+0.003|-0.001|-0.002|-0.000|+1.303|+1.384|+0.000|-0.005|+0.000|+1.298|+1.384|
015:+0.001|+0.002|+0.002|+0.002|+0.002|-0.001|+0.006|+0.001|-0.000|-0.002|+0.001|+0.003|+0.001|+1.298|+1.383|+0.000|-0.002|-0.000|+1.297|+1.384|
016:+0.000|+0.002|+0.001|+0.002|+0.001|-0.001|-0.008|-0.001|-0.000|+0.011|-0.000|+0.003|-0.001|+1.304|+1.384|-0.000|-0.005|+0.000|+1.299|+1.384|
017:+0.001|+0.002|+0.002|+0.002|+0.002|-0.000|+0.008|+0.001|+0.000|-0.006|-0.000|+0.002|-0.000|+1.296|+1.383|-0.000|+0.006|-0.000|+1.302|+1.383|
018:+0.001|+0.001|+0.001|+0.002|+0.003|+0.001|-0.003|+0.000|+0.000|+0.008|+0.001|+0.003|+0.001|+1.304|+1.384|-0.000|+0.000|-0.000|+1.305|+1.383|
019:+0.000|+0.001|+0.002|+0.001|+0.002|+0.001|+0.008|-0.001|+0.000|-0.016|-0.000|-0.007|+0.000|+1.301|+1.384|+0.000|+0.008|+0.000|+1.308|+1.384|
020:+0.000|+0.002|+0.002|+0.003|+0.002|-0.000|-0.006|+0.000|+0.000|+0.001|+0.000|-0.006|+0.000|+1.309|+1.383|+0.000|-0.008|+0.000|+1.301|+1.384|
021:+0.000|+0.001|+0.002|+0.002|+0.001|-0.000|-0.005|+0.001|-0.000|+0.009|-0.000|+0.005|-0.000|+1.303|+1.383|+0.000|-0.007|+0.000|+1.295|+1.384|
022:+0.000|+0.002|+0.001|+0.001|+0.002|+0.000|+0.005|-0.001|+0.000|-0.002|+0.000|+0.002|+0.000|+1.298|+1.385|-0.000|+0.002|-0.000|+1.300|+1.384|
023:+0.000|+0.002|+0.002|+0.002|+0.002|-0.001|-0.001|+0.001|+0.000|-0.001|-0.000|-0.002|+0.000|+1.303|+1.383|+0.000|-0.000|-0.000|+1.302|+1.384|
024:+0.000|+0.002|+0.002|+0.001|+0.001|-0.000|-0.001|-0.001|+0.000|-0.002|-0.000|-0.002|-0.001|+1.301|+1.384|+0.000|-0.001|-0.000|+1.300|+1.385|
025:+0.001|+0.002|+0.001|+0.002|+0.002|-0.001|-0.008|-0.086|+0.000|+0.095|+0.001|-0.001|+0.000|+1.301|+1.383|+0.000|-0.003|-0.000|+1.298|+1.384|
026:+0.000|+0.002|+0.089|+0.089|+0.001|+0.000|+0.092|+0.003|-0.000|-0.092|-0.001|+0.003|-0.000|+1.292|+1.297|+0.000|+0.092|+0.000|+1.297|+1.384|
027:+0.001|+0.002|+0.086|+0.085|+0.002|+0.001|+0.001|-0.000|-0.000|-0.000|+0.000|+0.000|+0.000|+1.384|+1.301|+0.000|+0.000|-0.000|+1.300|+1.384|
028:+0.000|+0.001|+0.086|+0.086|+0.002|+0.001|-0.001|-0.001|+0.000|+0.000|-0.000|-0.000|-0.001|+1.385|+1.300|+0.000|-0.000|+0.000|+1.300|+1.384|
029:+0.000|+0.002|+0.087|+0.087|+0.003|+0.001|-0.000|+0.084|-0.000|+0.000|+0.001|+0.083|+0.001|+1.384|+1.299|+0.000|+0.000|+0.000|+1.299|+1.383|
030:+0.000|+0.002|+0.003|+0.003|+0.002|+0.000|+0.001|+0.001|-0.000|-0.000|-0.000|+0.001|+0.001|+1.384|+1.383|+0.000|+0.000|+0.001|+1.382|+1.383|
031:+0.000|+0.002|+0.002|+0.001|+0.001|+0.000|+0.000|-0.001|+0.000|+0.000|-0.000|+0.000|+0.000|+1.384|+1.384|+0.000|-0.000|+0.001|+1.384|+1.384|
032:+0.000|+0.002|+0.002|+0.003|+0.002|-0.000|-0.001|+0.001|-0.000|+0.000|-0.000|+0.000|-0.000|+1.384|+1.383|+0.000|+0.000|+0.000|+1.384|+1.384|
033:+0.000|+0.002|+0.002|+0.002|+0.002|+0.000|+0.001|-0.000|-0.000|-0.000|+0.000|+0.000|-0.001|+1.384|+1.384|-0.000|+0.000|-0.000|+1.384|+1.384|
034:+0.000|+0.001|+0.001|+0.002|+0.002|+0.001|-0.000|-0.001|+0.001|-0.000|-0.001|+0.000|+0.001|+1.385|+1.384|-0.000|-0.000|+0.000|+1.384|+1.383|
035:+0.001|+0.001|+0.001|+0.002|+0.001|-0.001|-0.000|+0.000|-0.000|+0.001|+0.000|+0.000|-0.000|+1.385|+1.383|+0.000|-0.000|-0.000|+1.384|+1.384|
036:+0.000|+0.002|+0.002|+0.002|+0.002|-0.001|-0.000|+0.000|-0.000|-0.000|+0.000|-0.000|-0.000|+1.384|+1.383|+0.000|+0.000|-0.000|+1.384|+1.384|
037:+0.000|+0.002|+0.002|+0.002|+0.002|-0.001|+0.000|+0.001|-0.000|-0.000|-0.000|+0.000|-0.000|+1.384|+1.384|-0.000|-0.000|+0.000|+1.384|+1.384|
038:+0.001|+0.002|+0.001|+0.001|+0.002|-0.000|+0.000|-0.001|+0.000|+0.000|+0.000|-0.001|-0.000|+1.384|+1.384|-0.000|-0.000|-0.000|+1.384|+1.384|
039:+0.001|+0.001|+0.002|+0.002|+0.002|+0.001|-0.001|-0.001|+0.000|+0.000|-0.000|+0.001|+0.000|+1.384|+1.384|+0.000|-0.000|+0.000|+1.383|+1.384|
