MI|TE1|rTE1|TE2|rTE2|2|3_1|3_2|4_1|4_2|5|6_1|6_2|3_1_I|3_2_I|4_1_I|4_2_I|5_I|6_1_I|6_2_I|
001:+0.000|+0.002|+0.002|+0.003|+0.002|+0.000|+0.019|-0.000|-0.000|-0.025|-0.001|-0.006|+0.001|+1.142|+1.383|+0.000|+0.013|+0.000|+1.155|+1.383|
002:+0.001|+0.001|+0.002|+0.002|+0.001|-0.001|-0.014|+0.002|+0.000|+0.019|+0.001|+0.005|-0.000|+1.161|+1.383|-0.000|-0.012|-0.000|+1.148|+1.385|
003:+0.000|+0.002|+0.001|+0.001|+0.002|+0.000|+0.008|-0.001|-0.000|-0.019|+0.000|-0.011|-0.000|+1.147|+1.385|+0.000|+0.007|+0.000|+1.154|+1.384|
004:+0.000|+0.002|+0.002|+0.002|+0.001|-0.001|-0.005|+0.001|+0.000|+0.008|-0.001|+0.003|+0.001|+1.155|+1.384|-0.000|-0.012|+0.001|+1.143|+1.384|
005:+0.000|+0.001|+0.002|+0.002|+0.001|-0.000|+0.001|+0.000|-0.001|+0.008|-0.000|+0.010|-0.002|+1.150|+1.384|+0.000|-0.004|-0.000|+1.145|+1.385|
006:+0.001|+0.002|+0.002|+0.001|+0.002|+0.001|+0.007|-0.001|+0.001|-0.016|+0.000|-0.008|+0.001|+1.151|+1.384|-0.001|+0.004|-0.000|+1.155|+1.383|
007:+0.001|+0.003|+0.002|+0.002|+0.001|-0.002|+0.006|-0.000|-0.000|-0.006|+0.000|+0.000|-0.000|+1.158|+1.384|+0.000|-0.012|-0.000|+1.147|+1.384|
008:+0.000|+0.002|+0.002|+0.002|+0.001|-0.002|-0.004|+0.001|+0.000|+0.008|+0.000|+0.003|-0.001|+1.165|+1.383|-0.000|-0.018|-0.000|+1.147|+1.384|
009:+0.000|+0.001|+0.001|+0.001|+0.003|+0.001|-0.009|-0.000|-0.000|+0.004|+0.000|-0.005|-0.000|+1.160|+1.385|+0.000|-0.011|-0.000|+1.150|+1.383|
010:+0.001|+0.002|+0.002|+0.001|+0.002|+0.001|+0.004|-0.001|-0.000|+0.006|+0.000|+0.008|-0.000|+1.151|+1.385|-0.000|-0.007|-0.000|+1.145|+1.383|
011:+0.001|+0.001|+0.003|+0.002|+0.002|+0.002|-0.007|-0.001|+0.000|+0.010|+0.000|+0.004|+0.001|+1.156|+1.384|-0.000|-0.001|+0.000|+1.153|+1.383|
012:+0.000|+0.002|+0.002|+0.003|+0.002|-0.000|-0.002|+0.000|+0.000|-0.005|+0.000|-0.008|-0.000|+1.148|+1.383|+0.000|+0.009|+0.000|+1.157|+1.384|
013:+0.000|+0.001|+0.002|+0.002|+0.002|+0.001|+0.003|-0.001|-0.000|-0.001|-0.001|+0.003|+0.001|+1.147|+1.384|+0.000|+0.004|+0.001|+1.149|+1.384|
014:+0.000|+0.002|+0.002|+0.003|+0.001|-0.001|+0.003|+0.000|+0.000|-0.008|+0.000|-0.005|-0.000|+1.149|+1.383|+0.000|+0.003|+0.000|+1.152|+1.385|
015:+0.000|+0.002|+0.002|+0.002|+0.001|-0.001|-0.003|+0.001|+0.000|+0.010|+0.000|+0.006|-0.001|+1.152|+1.383|+0.000|-0.005|+0.000|+1.147|+1.384|
016:+0.000|+0.002|+0.002|+0.001|+0.002|+0.001|-0.000|-0.001|-0.000|-0.010|-0.000|-0.011|+0.000|+1.149|+1.385|+0.000|+0.004|+0.000|+1.153|+1.384|
017:+0.000|+0.001|+0.002|+0.002|+0.002|+0.000|-0.006|+0.001|+0.000|+0.008|-0.000|+0.002|+0.000|+1.149|+1.384|-0.000|-0.006|+0.000|+1.142|+1.384|
018:+0.000|+0.002|+0.003|+0.001|+0.002|+0.001|+0.014|-0.000|-0.000|-0.008|-0.001|+0.007|+0.000|+1.143|+1.384|+0.000|+0.002|+0.000|+1.145|+1.384|
019:+0.001|+0.002|+0.001|+0.001|+0.001|-0.001|-0.006|+0.000|+0.000|+0.005|+0.001|-0.003|-0.001|+1.156|+1.384|-0.000|-0.006|-0.001|+1.151|+1.384|
020:+0.000|+0.002|+0.002|+0.002|+0.002|+0.001|-0.004|-0.000|+0.000|+0.012|+0.000|+0.007|+0.001|+1.150|+1.384|-0.000|-0.002|+0.000|+1.149|+1.383|
021:+0.000|+0.002|+0.002|+0.002|+0.002|+0.001|-0.004|-0.001|+0.000|-0.006|-0.000|-0.009|-0.000|+1.146|+1.384|-0.000|+0.010|+0.000|+1.155|+1.384|
022:+0.000|+0.002|+0.002|+0.002|+0.002|-0.000|+0.013|+0.000|-0.000|-0.011|-0.000|+0.001|-0.000|+1.142|+1.384|+0.000|+0.004|+0.000|+1.146|+1.383|
023:+0.000|+0.002|+0.002|+0.002|+0.002|+0.001|-0.008|+0.000|+0.000|+0.015|+0.000|+0.008|-0.000|+1.156|+1.384|-0.000|-0.007|+0.000|+1.148|+1.383|
024:+0.000|+0.002|+0.001|+0.002|+0.002|+0.000|+0.004|+0.000|-0.000|-0.009|-0.001|-0.004|+0.000|+1.147|+1.384|+0.000|+0.008|+0.001|+1.155|+1.383|
025:+0.000|+0.002|+0.002|+0.002|+0.002|-0.000|-0.007|-0.233|+0.000|+0.241|-0.000|+0.001|+0.001|+1.151|+1.384|-0.000|-0.001|-0.000|+1.151|+1.383|
026:+0.001|+0.002|+0.234|+0.234|+0.002|-0.000|+0.240|+0.001|+0.000|-0.240|+0.000|+0.001|-0.000|+1.144|+1.151|-0.000|+0.240|-0.000|+1.152|+1.384|
027:+0.000|+0.002|+0.233|+0.233|+0.002|-0.000|+0.000|-0.011|-0.000|-0.000|+0.000|-0.012|-0.000|+1.384|+1.152|+0.000|+0.000|-0.000|+1.153|+1.384|
028:+0.000|+0.002|+0.244|+0.244|+0.002|+0.000|+0.000|+0.015|+0.000|+0.000|+0.000|+0.013|+0.001|+1.384|+1.141|-0.000|-0.000|+0.000|+1.141|+1.384|
029:+0.000|+0.002|+0.232|+0.230|+0.001|+0.001|-0.001|+0.228|-0.000|+0.000|-0.001|+0.230|-0.002|+1.384|+1.156|+0.000|+0.000|+0.000|+1.154|+1.385|
030:+0.001|+0.001|+0.001|+0.001|+0.003|+0.001|-0.000|-0.000|+0.000|-0.000|+0.000|-0.000|+0.001|+1.384|+1.384|-0.000|+0.000|-0.001|+1.384|+1.383|
031:+0.001|+0.002|+0.002|+0.001|+0.002|+0.000|-0.000|+0.000|+0.000|-0.000|+0.000|-0.001|+0.000|+1.384|+1.384|+0.000|-0.000|-0.001|+1.384|+1.384|
032:+0.001|+0.002|+0.002|+0.002|+0.002|+0.000|+0.001|+0.001|+0.000|+0.000|+0.000|+0.001|+0.001|+1.384|+1.384|+0.000|-0.001|-0.000|+1.383|+1.384|
033:+0.000|+0.001|+0.001|+0.001|+0.001|-0.000|+0.000|+0.000|-0.000|+0.000|+0.000|-0.000|-0.001|+1.385|+1.385|+0.000|-0.000|-0.000|+1.385|+1.385|
034:+0.000|+0.001|+0.002|+0.001|+0.002|+0.001|-0.001|-0.001|-0.000|+0.000|+0.000|-0.000|-0.001|+1.385|+1.385|+0.000|-0.000|-0.000|+1.384|+1.384|
035:+0.000|+0.002|+0.002|+0.002|+0.002|+0.001|-0.000|+0.001|-0.000|+0.000|-0.000|+0.000|+0.001|+1.384|+1.384|+0.000|+0.000|+0.000|+1.384|+1.383|
036:+0.000|+0.002|+0.002|+0.001|+0.002|-0.000|+0.001|-0.001|+0.000|-0.000|+0.000|-0.000|+0.000|+1.384|+1.385|-0.000|+0.000|+0.000|+1.384|+1.384|
037:+0.000|+0.002|+0.002|+0.003|+0.001|-0.001|-0.000|+0.000|-0.000|+0.000|-0.000|+0.000|-0.001|+1.384|+1.383|+0.000|-0.000|+0.000|+1.384|+1.385|
038:+0.001|+0.001|+0.002|+0.002|+0.002|+0.001|-0.001|+0.000|+0.000|-0.000|+0.000|+0.000|-0.000|+1.384|+1.384|-0.000|+0.000|-0.000|+1.384|+1.383|
039:+0.001|+0.003|+0.001|+0.002|+0.003|-0.001|+0.001|+0.000|-0.000|-0.000|+0.000|-0.000|+0.001|+1.383|+1.384|+0.000|+0.000|-0.000|+1.384|+1.383|
