MI|TE1|rTE1|TE2|rTE2|2|3_1|3_2|4_1|4_2|5|6_1|6_2|3_1_I|3_2_I|4_1_I|4_2_I|5_I|6_1_I|6_2_I|
001:+0.000|+0.000|+0.000|+0.002|+0.002|-0.000|+0.001|+0.000|+0.000|-0.001|+0.000|+0.000|+0.000|+1.344|+1.384|+0.000|-0.001|+0.000|+1.343|+1.384|
002:+0.000|+0.000|+0.000|+0.002|+0.001|+0.000|+0.004|-0.000|+0.000|+0.000|-0.001|+0.005|-0.000|+1.345|+1.384|+0.000|-0.001|+0.000|+1.343|+1.384|
003:+0.001|+0.000|+0.000|+0.002|+0.002|+0.000|-0.002|+0.001|+0.000|-0.006|+0.000|-0.008|+0.001|+1.349|+1.384|+0.000|-0.001|-0.000|+1.348|+1.384|
004:+0.000|+0.000|+0.000|+0.001|+0.001|+0.000|-0.009|-0.000|+0.000|+0.018|+0.000|+0.008|-0.000|+1.347|+1.385|+0.000|-0.007|+0.000|+1.340|+1.385|
005:+0.000|+0.000|+0.000|+0.001|+0.001|+0.000|+0.007|-0.002|+0.000|-0.010|-0.000|-0.002|-0.002|+1.338|+1.385|+0.000|+0.011|+0.000|+1.348|+1.385|
006:+0.001|+0.000|+0.000|+0.003|+0.003|+0.000|-0.002|+0.002|+0.000|+0.001|+0.000|-0.002|+0.002|+1.345|+1.382|+0.000|+0.001|-0.000|+1.346|+1.382|
007:+0.000|+0.000|+0.000|+0.001|+0.001|-0.000|+0.001|+0.000|+0.000|+0.000|-0.000|+0.001|+0.000|+1.343|+1.384|+0.000|+0.002|+0.000|+1.345|+1.384|
008:+0.000|+0.000|+0.000|+0.001|+0.001|+0.000|-0.004|-0.000|+0.000|+0.003|+0.000|-0.002|-0.000|+1.343|+1.384|+0.000|+0.002|-0.000|+1.345|+1.384|
009:+0.000|+0.000|+0.000|+0.002|+0.002|+0.000|+0.010|-0.001|+0.000|-0.011|-0.000|-0.001|-0.001|+1.339|+1.384|+0.000|+0.005|+0.000|+1.344|+1.384|
010:+0.000|+0.000|+0.000|+0.002|+0.002|+0.000|-0.003|+0.000|+0.000|+0.003|-0.000|-0.000|+0.000|+1.349|+1.384|+0.000|-0.007|-0.000|+1.342|+1.384|
011:+0.000|+0.000|+0.000|+0.002|+0.002|+0.000|-0.001|+0.000|+0.000|+0.002|+0.000|+0.001|+0.000|+1.346|+1.384|+0.000|-0.003|-0.000|+1.342|+1.384|
012:+0.000|+0.000|+0.000|+0.002|+0.002|-0.000|-0.001|-0.001|+0.000|+0.002|-0.001|+0.002|-0.001|+1.345|+1.384|+0.000|-0.001|+0.000|+1.344|+1.384|
013:+0.001|+0.000|+0.000|+0.002|+0.002|+0.000|+0.002|-0.000|+0.000|-0.005|+0.000|-0.004|-0.000|+1.344|+1.383|+0.000|+0.001|-0.001|+1.346|+1.383|
014:+0.001|+0.000|+0.000|+0.002|+0.002|+0.000|+0.001|+0.002|+0.000|-0.000|+0.000|+0.001|+0.002|+1.346|+1.383|+0.000|-0.004|-0.000|+1.342|+1.383|
015:+0.000|+0.000|+0.000|+0.001|+0.001|+0.000|-0.006|-0.000|+0.000|+0.004|+0.000|-0.002|-0.000|+1.347|+1.385|+0.000|-0.005|-0.000|+1.343|+1.385|
016:+0.000|+0.000|+0.000|+0.001|+0.001|+0.000|+0.008|-0.001|+0.000|-0.006|+0.001|+0.001|-0.001|+1.341|+1.385|+0.000|-0.001|-0.000|+1.341|+1.385|
017:+0.000|+0.000|+0.000|+0.002|+0.002|+0.000|-0.007|+0.001|+0.000|+0.008|-0.001|+0.001|+0.001|+1.349|+1.383|+0.000|-0.006|+0.001|+1.342|+1.383|
018:+0.000|+0.000|+0.000|+0.001|+0.001|+0.000|+0.002|-0.001|+0.000|+0.001|+0.000|+0.003|-0.001|+1.342|+1.385|+0.000|+0.001|+0.000|+1.343|+1.385|
019:+0.001|+0.000|+0.000|+0.002|+0.001|+0.000|+0.004|-0.000|+0.000|-0.008|+0.000|-0.004|-0.000|+1.344|+1.384|+0.000|+0.002|+0.000|+1.346|+1.384|
020:+0.000|+0.000|+0.000|+0.002|+0.002|+0.000|-0.001|+0.000|+0.000|+0.006|-0.000|+0.005|+0.000|+1.348|+1.383|+0.000|-0.006|+0.000|+1.341|+1.383|
021:+0.000|+0.000|+0.000|+0.002|+0.002|-0.000|+0.002|+0.001|+0.000|-0.001|+0.000|+0.001|+0.001|+1.347|+1.384|+0.000|-0.001|+0.000|+1.346|+1.384|
022:+0.000|+0.000|+0.000|+0.002|+0.002|-0.000|-0.002|-0.000|+0.000|-0.002|-0.000|-0.003|-0.000|+1.348|+1.384|+0.000|-0.001|+0.000|+1.347|+1.384|
023:+0.000|+0.000|+0.000|+0.001|+0.001|+0.000|+0.004|-0.000|+0.000|+0.001|-0.000|+0.006|-0.000|+1.347|+1.384|+0.000|-0.003|+0.000|+1.344|+1.384|
024:+0.001|+0.000|+0.000|+0.002|+0.002|+0.000|-0.004|-0.000|+0.000|+0.004|+0.000|-0.001|-0.000|+1.351|+1.384|+0.000|-0.002|-0.000|+1.349|+1.384|
025:+0.000|+0.000|+0.000|+0.002|+0.002|+0.000|-0.005|-0.047|+0.000|+0.043|+0.048|-0.010|-0.047|+1.347|+1.384|+0.000|+0.002|+0.000|+1.348|+1.384|
026:+0.000|+0.000|+0.000|+0.049|+0.001|+0.000|+0.001|-0.028|+0.000|-0.044|-0.056|+0.012|-0.028|+1.342|+1.337|+0.000|+0.044|+0.048|+1.338|+1.337|
027:+0.044|+0.000|+0.000|+0.033|+0.042|+0.000|+0.007|-0.001|+0.000|+0.000|+0.014|-0.007|-0.001|+1.342|+1.309|+0.000|-0.000|-0.008|+1.350|+1.309|
028:+0.037|+0.000|+0.000|+0.042|+0.036|+0.000|-0.004|-0.003|+0.000|-0.000|-0.004|-0.000|-0.003|+1.349|+1.307|+0.000|+0.000|+0.006|+1.343|+1.307|
029:+0.042|+0.000|+0.000|+0.040|+0.038|+0.000|+0.006|+0.045|+0.000|-0.045|-0.037|-0.003|+0.045|+1.345|+1.305|+0.000|-0.000|+0.001|+1.343|+1.305|
030:+0.035|+0.000|+0.000|+0.001|+0.036|+0.000|-0.006|+0.034|+0.000|+0.048|+0.036|+0.007|+0.034|+1.351|+1.350|+0.000|-0.045|-0.035|+1.340|+1.350|
031:+0.000|+0.000|+0.000|+0.002|+0.002|+0.000|-0.000|+0.001|+0.000|-0.001|-0.001|-0.001|+0.001|+1.345|+1.383|+0.000|+0.003|+0.001|+1.347|+1.383|
032:+0.001|+0.000|+0.000|+0.002|+0.002|+0.000|+0.001|-0.000|+0.000|-0.000|+0.000|+0.001|-0.000|+1.345|+1.384|+0.000|+0.001|-0.000|+1.346|+1.384|
033:+0.000|+0.000|+0.000|+0.002|+0.002|+0.000|-0.004|-0.042|+0.000|+0.043|+0.041|-0.003|-0.042|+1.346|+1.384|+0.000|+0.001|-0.000|+1.347|+1.384|
034:+0.001|+0.000|+0.000|+0.043|+0.002|-0.000|+0.006|-0.039|+0.000|-0.044|-0.032|-0.005|-0.039|+1.342|+1.342|+0.000|+0.044|+0.041|+1.344|+1.342|
035:+0.038|+0.000|+0.000|+0.045|+0.036|+0.000|-0.004|+0.002|+0.000|+0.000|-0.010|+0.006|+0.002|+1.348|+1.303|+0.000|-0.000|+0.009|+1.339|+1.303|
036:+0.042|+0.000|+0.000|+0.039|+0.040|+0.000|+0.006|+0.008|+0.000|-0.000|+0.001|+0.004|+0.008|+1.344|+1.305|+0.000|+0.000|-0.001|+1.345|+1.305|
037:+0.037|+0.000|+0.000|+0.036|+0.036|+0.000|-0.004|+0.030|+0.000|-0.039|-0.040|-0.003|+0.030|+1.350|+1.313|+0.000|-0.000|+0.000|+1.349|+1.313|
038:+0.041|+0.000|+0.000|+0.002|+0.042|+0.000|-0.007|+0.040|+0.000|+0.043|+0.040|-0.004|+0.040|+1.345|+1.343|+0.000|-0.040|-0.040|+1.346|+1.343|
039:+0.001|+0.000|+0.000|+0.002|+0.002|+0.000|+0.005|-0.000|+0.000|-0.004|-0.000|+0.000|-0.000|+1.338|+1.384|+0.000|+0.004|+0.000|+1.342|+1.384|
