MI|TE1|rTE1|TE2|rTE2|2|3_1|3_2|4_1|4_2|5|6_1|6_2|3_1_I|3_2_I|4_1_I|4_2_I|5_I|6_1_I|6_2_I|
001:+0.000|+0.001|+1.357|+1.358|+0.001|-0.000|-0.006|-0.000|-0.006|+0.008|-0.001|+0.000|-0.003|+1.360|+0.000|+0.004|-0.004|+0.001|+0.000|+1.360|
002:+0.000|+0.002|+1.360|+1.360|+0.002|+0.000|-0.000|+0.000|+0.002|+0.000|+0.000|+0.000|+0.002|+1.354|-0.000|-0.001|+0.004|-0.000|+0.000|+1.357|
003:+0.001|+0.002|+1.360|+1.360|+0.002|+0.000|+0.002|-0.000|+0.001|-0.004|+0.000|+0.000|-0.001|+1.354|+0.000|+0.000|+0.004|-0.000|+0.000|+1.359|
004:+0.000|+0.002|+1.359|+1.359|+0.002|+0.000|+0.001|+0.000|+0.005|-0.002|-0.000|+0.000|+0.004|+1.356|-0.000|+0.001|-0.000|-0.000|+0.000|+1.358|
005:+0.000|+0.001|+1.357|+1.357|+0.001|-0.000|-0.001|+0.000|-0.002|+0.001|-0.000|+0.000|-0.002|+1.357|+0.000|+0.006|-0.002|-0.000|+0.000|+1.362|
006:+0.001|+0.001|+1.357|+1.357|+0.001|-0.000|-0.004|+0.000|+0.000|+0.004|+0.000|+0.000|+0.000|+1.356|+0.000|+0.004|-0.001|-0.000|+0.000|+1.360|
007:+0.000|+0.002|+1.357|+1.357|+0.002|+0.000|+0.007|+0.000|-0.007|-0.003|-0.000|+0.000|-0.003|+1.352|+0.000|+0.004|+0.003|-0.000|+0.000|+1.360|
008:+0.001|+0.002|+1.361|+1.361|+0.002|-0.000|-0.002|-0.000|+0.001|+0.003|+0.000|+0.000|+0.002|+1.359|+0.000|-0.003|+0.001|-0.000|+0.000|+1.357|
009:+0.000|+0.002|+1.363|+1.363|+0.002|-0.000|+0.001|+0.000|-0.000|-0.002|-0.000|+0.000|-0.001|+1.357|-0.000|-0.002|+0.003|+0.000|+0.000|+1.359|
010:+0.000|+0.002|+1.362|+1.362|+0.002|+0.000|-0.003|-0.000|+0.003|-0.001|-0.000|+0.000|-0.001|+1.359|+0.000|-0.002|+0.001|-0.000|+0.000|+1.358|
011:+0.001|+0.002|+1.359|+1.359|+0.002|+0.000|+0.000|+0.000|-0.000|+0.001|+0.000|+0.000|-0.000|+1.356|-0.000|+0.001|+0.001|-0.000|+0.000|+1.358|
012:+0.000|+0.003|+1.360|+1.360|+0.003|+0.000|+0.001|+0.000|-0.003|+0.001|+0.000|+0.000|-0.001|+1.356|-0.000|+0.001|+0.001|+0.000|+0.000|+1.358|
013:+0.000|+0.002|+1.361|+1.361|+0.002|-0.000|+0.000|+0.000|-0.001|+0.002|-0.001|+0.000|+0.002|+1.358|-0.000|-0.002|+0.002|+0.001|+0.000|+1.356|
014:+0.000|+0.002|+1.364|+1.364|+0.002|+0.000|-0.000|+0.000|+0.006|-0.003|-0.000|+0.000|+0.003|+1.358|-0.000|-0.003|+0.004|-0.000|+0.000|+1.359|
015:+0.000|+0.001|+1.360|+1.360|+0.001|-0.000|-0.003|+0.000|-0.004|+0.001|-0.000|+0.000|-0.005|+1.358|+0.000|+0.002|+0.001|-0.000|+0.000|+1.361|
016:+0.001|+0.002|+1.359|+1.359|+0.002|+0.000|+0.002|-0.000|+0.003|-0.002|+0.000|+0.000|+0.004|+1.355|+0.000|-0.001|+0.002|-0.000|+0.000|+1.356|
017:+0.001|+0.002|+1.360|+1.360|+0.002|-0.000|-0.002|+0.000|+0.002|+0.001|+0.000|+0.000|+0.000|+1.357|-0.000|+0.002|+0.001|-0.000|+0.000|+1.360|
018:+0.000|+0.002|+1.359|+1.359|+0.002|+0.000|+0.004|-0.000|-0.003|-0.002|-0.000|+0.000|-0.001|+1.355|+0.000|+0.004|+0.002|-0.000|+0.000|+1.360|
019:+0.000|+0.002|+1.361|+1.361|+0.002|+0.000|-0.002|+0.000|-0.003|+0.003|+0.001|+0.000|-0.003|+1.359|-0.000|+0.000|-0.000|-0.000|+0.000|+1.359|
020:+0.000|+0.002|+1.361|+1.362|+0.002|-0.000|+0.003|-0.000|+0.008|-0.007|-0.000|+0.000|+0.004|+1.356|-0.000|-0.003|+0.003|+0.001|+0.000|+1.356|
021:+0.000|+0.002|+1.357|+1.357|+0.002|+0.000|+0.000|+0.000|-0.002|-0.001|-0.000|+0.000|-0.003|+1.359|-0.000|+0.005|-0.004|+0.000|+0.000|+1.360|
022:+0.000|+0.002|+1.357|+1.357|+0.002|-0.000|-0.003|+0.000|-0.004|+0.009|+0.001|+0.000|+0.001|+1.359|-0.000|+0.003|-0.004|-0.000|+0.000|+1.358|
023:+0.000|+0.001|+1.361|+1.361|+0.001|-0.000|+0.003|-0.000|+0.007|-0.008|-0.000|+0.000|+0.002|+1.356|+0.000|-0.001|+0.004|+0.000|+0.000|+1.359|
024:+0.000|+0.002|+1.356|+1.356|+0.002|+0.000|+0.002|+0.000|-0.010|+0.002|-0.000|+0.000|-0.006|+1.359|-0.000|+0.006|-0.004|+0.000|+0.000|+1.361|
025:+0.001|+0.002|+1.360|+1.360|+0.002|+0.000|-0.003|-0.000|+0.029|+0.003|-0.000|+0.000|+0.029|+1.361|+0.000|-0.003|-0.003|-0.000|+0.000|+1.355|
026:+0.000|+0.002|+1.361|+1.360|+0.002|+0.000|+0.002|+0.000|-0.026|+0.023|+0.000|+0.000|-0.000|+1.357|-0.000|+0.025|+0.001|-0.000|+0.000|+1.384|
027:+0.001|+0.002|+1.386|+1.386|+0.002|-0.000|+0.024|-0.000|+0.000|-0.024|+0.000|+0.000|+0.001|+1.360|+0.000|-0.000|+0.024|-0.000|+0.000|+1.383|
028:+0.000|+0.002|+1.386|+1.386|+0.002|-0.000|+0.000|-0.000|+0.000|-0.000|+0.000|+0.000|+0.000|+1.384|+0.000|+0.000|-0.000|-0.000|+0.000|+1.384|
029:+0.000|+0.002|+1.386|+1.386|+0.002|-0.000|-0.000|+0.000|-0.000|+0.000|-0.000|+0.000|+0.000|+1.384|-0.000|+0.000|-0.000|+0.000|+0.000|+1.384|
030:+0.000|+0.001|+1.386|+1.386|+0.001|+0.000|-0.001|+0.000|+0.000|-0.000|-0.000|+0.000|-0.000|+1.384|+0.000|-0.000|+0.000|-0.000|+0.000|+1.385|
031:+0.001|+0.002|+1.386|+1.385|+0.002|-0.000|-0.001|+0.000|-0.000|+0.000|+0.001|+0.000|-0.002|+1.384|+0.000|-0.000|-0.000|-0.001|+0.000|+1.384|
032:+0.000|+0.003|+1.386|+1.386|+0.003|+0.000|+0.001|-0.000|+0.000|-0.000|-0.001|+0.000|+0.002|+1.383|+0.000|-0.000|+0.000|+0.000|+0.000|+1.382|
033:+0.000|+0.002|+1.386|+1.386|+0.002|+0.000|+0.001|-0.000|-0.000|+0.000|+0.001|+0.000|+0.000|+1.384|+0.000|+0.000|+0.000|-0.000|+0.000|+1.384|
034:+0.000|+0.001|+1.386|+1.386|+0.001|+0.000|-0.000|+0.000|+0.000|-0.000|+0.000|+0.000|-0.000|+1.385|+0.000|-0.000|+0.000|+0.000|+0.000|+1.384|
035:+0.000|+0.002|+1.386|+1.386|+0.002|-0.000|-0.001|-0.000|-0.000|+0.000|-0.000|+0.000|-0.001|+1.384|+0.000|+0.000|-0.000|+0.000|+0.000|+1.384|
036:+0.001|+0.002|+1.386|+1.386|+0.002|+0.000|+0.001|+0.000|+0.000|-0.000|+0.000|+0.000|+0.001|+1.384|-0.000|-0.000|-0.000|+0.000|+0.000|+1.384|
037:+0.000|+0.001|+1.385|+1.386|+0.001|-0.000|-0.001|+0.000|-0.000|+0.000|-0.000|+0.000|-0.000|+1.385|+0.000|+0.000|-0.000|+0.000|+0.000|+1.384|
038:+0.000|+0.002|+1.386|+1.386|+0.002|+0.000|-0.000|-0.000|-0.000|+0.000|+0.000|+0.000|-0.000|+1.384|+0.000|+0.000|-0.000|-0.000|+0.000|+1.384|
039:+0.001|+0.002|+1.386|+1.386|+0.002|+0.000|+0.000|+0.000|-0.001|-0.000|-0.000|+0.000|-0.001|+1.384|+0.000|-0.000|+0.000|+0.000|+0.000|+1.384|
