MI|TE1|rTE1|TE2|rTE2|2|3_1|3_2|4_1|4_2|5|6_1|6_2|3_1_I|3_2_I|4_1_I|4_2_I|5_I|6_1_I|6_2_I|
001:+0.000|+0.002|+0.002|+0.001|+0.002|+0.000|-0.009|-0.001|+0.000|+0.010|-0.001|+0.001|-0.000|+1.362|+1.385|-0.000|-0.006|+0.000|+1.355|+1.384|
002:+0.001|+0.002|+0.002|+0.002|+0.002|-0.001|+0.006|+0.000|+0.000|-0.004|+0.001|+0.001|-0.000|+1.353|+1.384|+0.000|+0.003|-0.001|+1.356|+1.384|
003:+0.000|+0.002|+0.002|+0.002|+0.002|+0.001|+0.003|-0.001|+0.000|-0.005|-0.000|-0.002|-0.000|+1.358|+1.384|+0.000|-0.000|+0.000|+1.357|+1.384|
004:+0.000|+0.002|+0.002|+0.003|+0.002|+0.000|-0.000|+0.001|-0.000|+0.005|+0.000|+0.006|-0.001|+1.361|+1.383|+0.000|-0.005|-0.000|+1.355|+1.383|
005:+0.000|+0.002|+0.001|+0.002|+0.003|+0.000|-0.003|-0.000|+0.000|+0.002|-0.000|-0.001|+0.002|+1.361|+1.384|-0.000|-0.000|+0.000|+1.361|+1.383|
006:+0.000|+0.002|+0.001|+0.002|+0.001|-0.001|+0.001|+0.001|-0.000|-0.003|+0.000|-0.003|-0.000|+1.358|+1.384|+0.000|+0.002|+0.000|+1.360|+1.385|
007:+0.000|+0.002|+0.002|+0.002|+0.002|-0.000|+0.001|-0.001|+0.000|+0.002|+0.000|+0.002|-0.001|+1.359|+1.384|-0.000|-0.002|+0.000|+1.357|+1.384|
008:+0.000|+0.002|+0.002|+0.002|+0.002|+0.001|-0.006|-0.000|+0.000|+0.002|-0.001|-0.003|+0.001|+1.360|+1.384|-0.000|+0.000|+0.001|+1.359|+1.383|
009:+0.000|+0.002|+0.002|+0.002|+0.002|-0.000|+0.003|+0.000|-0.000|-0.002|+0.000|+0.001|-0.000|+1.354|+1.384|+0.000|+0.002|-0.000|+1.355|+1.384|
010:+0.000|+0.003|+0.002|+0.002|+0.002|-0.001|-0.001|-0.000|-0.000|+0.005|+0.000|+0.004|-0.001|+1.356|+1.384|+0.000|-0.000|+0.000|+1.357|+1.384|
011:+0.001|+0.002|+0.002|+0.002|+0.002|+0.000|+0.004|+0.000|-0.000|-0.011|-0.000|-0.008|+0.001|+1.355|+1.384|+0.000|+0.005|+0.000|+1.361|+1.383|
012:+0.000|+0.001|+0.003|+0.002|+0.001|+0.001|-0.002|-0.000|-0.000|+0.007|-0.000|+0.006|-0.001|+1.360|+1.384|+0.000|-0.006|-0.000|+1.352|+1.385|
013:+0.001|+0.001|+0.002|+0.002|+0.002|-0.000|-0.000|-0.000|+0.000|-0.003|+0.001|-0.004|-0.000|+1.357|+1.384|-0.000|+0.001|-0.000|+1.359|+1.384|
014:+0.000|+0.001|+0.002|+0.002|+0.002|+0.001|-0.000|+0.001|+0.000|-0.000|-0.000|+0.001|+0.000|+1.357|+1.384|-0.000|-0.001|+0.001|+1.354|+1.384|
015:+0.000|+0.002|+0.001|+0.001|+0.001|-0.000|+0.000|-0.000|+0.000|-0.001|-0.001|+0.001|-0.001|+1.357|+1.384|+0.000|-0.002|+0.000|+1.355|+1.384|
016:+0.000|+0.002|+0.001|+0.002|+0.002|-0.001|+0.001|+0.000|-0.000|+0.005|+0.000|+0.004|+0.000|+1.357|+1.384|+0.000|-0.003|-0.000|+1.356|+1.384|
017:+0.001|+0.001|+0.002|+0.001|+0.002|+0.001|-0.003|+0.000|+0.000|+0.001|+0.000|-0.001|+0.000|+1.358|+1.384|+0.000|+0.002|-0.000|+1.360|+1.384|
018:+0.000|+0.002|+0.002|+0.001|+0.001|-0.000|+0.003|-0.001|-0.000|-0.004|-0.000|-0.001|-0.000|+1.355|+1.384|+0.000|+0.003|+0.000|+1.359|+1.384|
019:+0.001|+0.002|+0.002|+0.002|+0.002|-0.001|+0.002|+0.001|+0.000|-0.003|+0.000|-0.001|-0.000|+1.358|+1.383|-0.000|-0.000|-0.000|+1.358|+1.384|
020:+0.001|+0.002|+0.001|+0.001|+0.001|+0.000|-0.003|-0.000|-0.000|+0.002|-0.000|-0.003|+0.001|+1.360|+1.384|+0.000|-0.003|+0.000|+1.357|+1.384|
021:+0.000|+0.001|+0.002|+0.002|+0.001|+0.000|+0.000|+0.000|+0.000|+0.000|+0.000|+0.001|+0.000|+1.357|+1.384|-0.000|-0.002|-0.000|+1.354|+1.385|
022:+0.000|+0.002|+0.002|+0.001|+0.001|-0.000|-0.001|-0.002|-0.000|+0.004|-0.001|+0.004|-0.000|+1.357|+1.385|+0.000|-0.001|+0.000|+1.355|+1.385|
023:+0.001|+0.003|+0.002|+0.003|+0.001|-0.003|+0.005|+0.001|-0.000|-0.002|+0.001|+0.000|-0.001|+1.355|+1.383|-0.000|+0.003|-0.000|+1.359|+1.385|
024:+0.000|+0.001|+0.002|+0.002|+0.001|+0.001|-0.002|+0.000|+0.000|-0.000|+0.000|-0.002|-0.000|+1.360|+1.384|-0.000|+0.001|+0.000|+1.360|+1.384|
025:+0.000|+0.001|+0.002|+0.001|+0.002|+0.001|-0.000|-0.027|+0.000|+0.025|-0.001|-0.001|+0.000|+1.359|+1.385|+0.000|+0.000|+0.000|+1.358|+1.384|
026:+0.000|+0.002|+0.028|+0.028|+0.002|+0.000|+0.026|+0.001|-0.000|-0.026|+0.000|+0.001|-0.000|+1.358|+1.358|+0.000|+0.026|-0.000|+1.357|+1.384|
027:+0.001|+0.001|+0.026|+0.027|+0.002|+0.000|-0.001|-0.002|+0.000|-0.000|-0.000|-0.003|+0.000|+1.384|+1.359|-0.000|-0.000|+0.000|+1.359|+1.384|
028:+0.000|+0.002|+0.030|+0.029|+0.002|+0.001|+0.001|+0.000|+0.000|+0.000|-0.000|+0.002|+0.001|+1.384|+1.357|-0.000|-0.000|-0.000|+1.356|+1.384|
029:+0.000|+0.001|+0.029|+0.029|+0.001|-0.000|-0.002|+0.027|-0.000|+0.000|-0.000|+0.027|-0.001|+1.385|+1.357|+0.000|+0.000|-0.000|+1.357|+1.385|
030:+0.001|+0.003|+0.001|+0.001|+0.002|-0.001|+0.001|-0.000|+0.000|-0.000|-0.000|+0.000|+0.000|+1.383|+1.384|-0.000|+0.000|-0.000|+1.384|+1.384|
031:+0.001|+0.002|+0.001|+0.001|+0.002|-0.002|+0.001|-0.001|-0.000|+0.000|+0.000|-0.001|+0.000|+1.383|+1.384|+0.000|-0.000|-0.000|+1.385|+1.384|
032:+0.001|+0.001|+0.002|+0.003|+0.001|-0.001|-0.001|+0.001|+0.000|+0.000|-0.000|-0.000|-0.001|+1.384|+1.383|-0.000|+0.000|-0.000|+1.383|+1.385|
033:+0.001|+0.002|+0.002|+0.002|+0.002|-0.000|+0.001|+0.001|+0.000|-0.000|+0.001|+0.000|+0.000|+1.383|+1.383|-0.000|+0.000|-0.000|+1.383|+1.383|
034:+0.000|+0.002|+0.002|+0.002|+0.002|+0.001|-0.000|+0.000|-0.000|+0.000|-0.000|+0.001|+0.001|+1.384|+1.384|-0.000|+0.000|+0.000|+1.383|+1.384|
035:+0.000|+0.002|+0.001|+0.001|+0.002|-0.000|+0.000|-0.001|+0.000|-0.000|+0.000|-0.001|-0.001|+1.384|+1.385|-0.000|+0.000|-0.000|+1.385|+1.384|
036:+0.000|+0.001|+0.002|+0.002|+0.002|+0.001|-0.000|+0.000|-0.000|+0.000|+0.000|+0.001|-0.000|+1.384|+1.384|+0.000|-0.000|-0.000|+1.384|+1.384|
037:+0.000|+0.002|+0.001|+0.002|+0.002|+0.000|-0.000|-0.001|-0.000|-0.000|-0.001|-0.001|+0.000|+1.384|+1.384|+0.000|+0.000|+0.000|+1.384|+1.383|
038:+0.001|+0.002|+0.002|+0.002|+0.002|-0.000|-0.000|+0.001|-0.000|+0.001|-0.000|+0.001|+0.000|+1.384|+1.383|+0.000|-0.000|-0.000|+1.383|+1.384|
039:+0.000|+0.002|+0.001|+0.001|+0.002|-0.001|-0.001|-0.000|+0.000|+0.000|+0.001|-0.001|-0.001|+1.384|+1.384|-0.000|+0.000|-0.000|+1.385|+1.384|
