MI|TE1|rTE1|TE2|rTE2|2|3_1|3_2|4_1|4_2|5|6_1|6_2|3_1_I|3_2_I|4_1_I|4_2_I|5_I|6_1_I|6_2_I|
001:+0.001|+0.002|+1.346|+1.346|+0.002|-0.000|-0.006|+0.000|+0.006|+0.003|+0.000|+0.000|+0.003|+1.344|+0.000|-0.002|-0.001|-0.000|+0.000|+1.342|
002:+0.000|+0.001|+1.343|+1.343|+0.001|+0.000|+0.006|+0.000|-0.009|+0.002|-0.000|+0.000|-0.000|+1.338|+0.000|+0.004|+0.003|+0.000|+0.000|+1.345|
003:+0.000|+0.001|+1.351|+1.351|+0.001|-0.000|-0.001|-0.000|+0.009|-0.010|+0.000|+0.000|-0.002|+1.344|+0.000|-0.004|+0.005|-0.000|+0.000|+1.345|
004:+0.001|+0.001|+1.341|+1.341|+0.001|+0.000|-0.004|+0.000|-0.005|+0.011|-0.001|+0.000|+0.003|+1.344|+0.000|+0.004|-0.005|-0.000|+0.000|+1.344|
005:+0.001|+0.002|+1.349|+1.348|+0.002|-0.000|+0.001|-0.000|+0.004|-0.008|+0.001|+0.000|-0.004|+1.340|+0.000|-0.001|+0.006|-0.001|+0.000|+1.346|
006:+0.000|+0.002|+1.341|+1.342|+0.002|-0.000|+0.002|+0.000|-0.000|+0.004|-0.000|+0.000|+0.006|+1.341|-0.000|+0.003|-0.002|+0.000|+0.000|+1.342|
007:+0.000|+0.002|+1.348|+1.348|+0.002|+0.000|+0.006|+0.000|-0.000|-0.011|+0.001|+0.000|-0.006|+1.343|+0.000|+0.002|+0.002|+0.000|+0.000|+1.348|
008:+0.000|+0.002|+1.341|+1.342|+0.002|+0.000|-0.007|-0.000|+0.003|+0.009|-0.001|+0.000|+0.005|+1.349|+0.000|+0.002|-0.009|+0.001|+0.000|+1.342|
009:+0.000|+0.002|+1.344|+1.344|+0.002|+0.000|-0.003|+0.000|-0.007|+0.004|+0.000|+0.000|-0.005|+1.342|-0.000|+0.005|+0.000|-0.000|+0.000|+1.347|
010:+0.001|+0.002|+1.346|+1.346|+0.002|+0.000|+0.002|+0.000|+0.001|-0.006|+0.000|+0.000|-0.003|+1.340|+0.000|-0.002|+0.004|+0.000|+0.000|+1.342|
011:+0.000|+0.002|+1.341|+1.342|+0.002|+0.000|-0.001|+0.000|-0.001|+0.009|-0.000|+0.000|+0.007|+1.341|+0.000|-0.001|-0.002|+0.000|+0.000|+1.338|
012:+0.000|+0.002|+1.350|+1.350|+0.002|-0.000|+0.003|-0.000|-0.001|-0.006|+0.000|+0.000|-0.004|+1.340|+0.000|-0.002|+0.008|-0.000|+0.000|+1.345|
013:+0.000|+0.001|+1.346|+1.346|+0.001|-0.000|+0.002|-0.000|+0.002|-0.006|-0.001|+0.000|-0.001|+1.343|+0.000|-0.003|+0.001|+0.000|+0.000|+1.341|
014:+0.001|+0.002|+1.343|+1.342|+0.002|+0.000|-0.001|+0.000|+0.001|+0.006|+0.001|+0.000|+0.006|+1.345|+0.000|-0.001|-0.005|-0.001|+0.000|+1.340|
015:+0.001|+0.001|+1.347|+1.347|+0.001|+0.000|+0.000|+0.000|-0.001|-0.001|-0.000|+0.000|-0.002|+1.344|+0.000|+0.000|+0.001|-0.000|+0.000|+1.346|
016:+0.001|+0.001|+1.347|+1.347|+0.001|+0.000|-0.003|-0.000|+0.002|+0.001|+0.000|+0.000|-0.001|+1.345|+0.000|-0.001|+0.001|-0.000|+0.000|+1.345|
017:+0.000|+0.001|+1.345|+1.345|+0.001|-0.000|-0.001|+0.000|+0.003|-0.005|-0.000|+0.000|-0.003|+1.342|-0.000|+0.001|+0.002|+0.000|+0.000|+1.344|
018:+0.000|+0.002|+1.340|+1.340|+0.002|+0.000|+0.002|+0.000|+0.003|-0.001|-0.000|+0.000|+0.004|+1.341|+0.000|+0.003|-0.003|-0.000|+0.000|+1.341|
019:+0.001|+0.002|+1.341|+1.341|+0.002|+0.000|+0.001|+0.000|-0.004|+0.001|+0.001|+0.000|-0.003|+1.343|+0.000|+0.006|-0.004|-0.000|+0.000|+1.345|
020:+0.000|+0.001|+1.341|+1.342|+0.001|+0.000|-0.000|+0.000|-0.004|+0.003|-0.000|+0.000|-0.001|+1.344|+0.000|+0.002|-0.003|+0.001|+0.000|+1.342|
021:+0.000|+0.002|+1.345|+1.345|+0.002|+0.000|+0.002|+0.000|+0.002|-0.000|+0.000|+0.000|+0.003|+1.343|+0.000|-0.002|+0.000|+0.000|+0.000|+1.341|
022:+0.000|+0.001|+1.346|+1.346|+0.001|-0.000|-0.006|+0.000|-0.004|+0.008|-0.001|+0.000|-0.002|+1.345|+0.000|-0.001|+0.000|+0.001|+0.000|+1.344|
023:+0.001|+0.001|+1.348|+1.348|+0.001|+0.000|+0.001|-0.000|+0.004|-0.002|-0.000|+0.000|+0.003|+1.339|+0.000|-0.005|+0.008|-0.000|+0.000|+1.342|
024:+0.001|+0.003|+1.348|+1.347|+0.003|+0.000|+0.002|+0.000|+0.003|-0.009|+0.000|+0.000|-0.004|+1.339|-0.000|-0.000|+0.006|-0.000|+0.000|+1.345|
025:+0.001|+0.003|+1.341|+1.341|+0.003|+0.000|-0.000|+0.000|+0.035|+0.008|-0.000|+0.000|+0.043|+1.341|+0.000|+0.003|-0.003|-0.000|+0.000|+1.341|
026:+0.001|+0.002|+1.348|+1.348|+0.002|+0.000|+0.003|+0.000|-0.038|+0.036|+0.001|+0.000|+0.000|+1.341|+0.000|+0.038|+0.004|-0.001|+0.000|+1.384|
027:+0.000|+0.002|+1.386|+1.386|+0.002|+0.000|+0.039|+0.000|-0.000|-0.040|+0.000|+0.000|-0.001|+1.344|+0.000|-0.000|+0.040|-0.000|+0.000|+1.384|
028:+0.000|+0.002|+1.385|+1.385|+0.002|-0.000|-0.001|-0.000|-0.000|+0.001|-0.000|+0.000|+0.000|+1.384|+0.000|-0.000|-0.000|+0.000|+0.000|+1.383|
029:+0.000|+0.002|+1.386|+1.386|+0.002|+0.000|+0.001|+0.000|-0.000|-0.001|-0.000|+0.000|-0.000|+1.383|-0.000|-0.000|+0.001|+0.000|+0.000|+1.384|
030:+0.000|+0.002|+1.386|+1.386|+0.002|+0.000|-0.001|-0.000|+0.001|-0.000|-0.000|+0.000|-0.000|+1.384|+0.000|-0.000|+0.000|+0.000|+0.000|+1.383|
031:+0.001|+0.003|+1.386|+1.385|+0.003|+0.000|+0.001|+0.000|-0.000|+0.000|+0.000|+0.000|+0.000|+1.383|+0.000|+0.000|-0.000|-0.000|+0.000|+1.383|
032:+0.001|+0.002|+1.385|+1.386|+0.002|-0.000|+0.001|-0.000|+0.000|-0.001|-0.000|+0.000|+0.000|+1.383|+0.000|-0.000|+0.000|+0.000|+0.000|+1.383|
033:+0.000|+0.002|+1.386|+1.386|+0.002|+0.000|-0.000|+0.000|+0.000|+0.000|+0.000|+0.000|+0.000|+1.384|+0.000|+0.000|-0.000|+0.000|+0.000|+1.384|
034:+0.000|+0.002|+1.386|+1.386|+0.002|-0.000|+0.000|+0.000|-0.000|+0.000|+0.000|+0.000|+0.000|+1.383|+0.000|+0.000|+0.000|+0.000|+0.000|+1.384|
035:+0.000|+0.002|+1.386|+1.386|+0.002|+0.000|+0.000|+0.000|-0.000|-0.000|-0.000|+0.000|+0.000|+1.384|+0.000|-0.000|+0.000|+0.000|+0.000|+1.384|
036:+0.001|+0.001|+1.386|+1.386|+0.001|+0.000|-0.001|+0.000|+0.000|-0.000|+0.000|+0.000|-0.001|+1.384|+0.000|-0.000|+0.000|+0.000|+0.000|+1.384|
037:+0.001|+0.002|+1.386|+1.386|+0.002|-0.000|+0.000|-0.000|-0.000|+0.000|+0.000|+0.000|+0.000|+1.384|+0.000|-0.000|+0.000|+0.000|+0.000|+1.384|
038:+0.000|+0.002|+1.385|+1.386|+0.002|-0.000|-0.000|+0.000|-0.000|+0.000|-0.001|+0.000|+0.000|+1.384|-0.000|-0.000|+0.000|+0.001|+0.000|+1.384|
039:+0.000|+0.001|+1.386|+1.386|+0.001|-0.000|-0.000|+0.000|+0.001|-0.001|+0.000|+0.000|-0.001|+1.384|+0.000|-0.000|+0.000|-0.000|+0.000|+1.384|
