MI|TE1|rTE1|TE2|rTE2|2|3_1|3_2|4_1|4_2|5|6_1|6_2|3_1_I|3_2_I|4_1_I|4_2_I|5_I|6_1_I|6_2_I|
001:+0.001|+0.002|+1.194|+1.194|+0.002|-0.000|+0.001|+0.000|-0.001|+0.005|+0.000|+0.000|+0.004|+1.194|-0.000|+0.007|-0.002|-0.000|+0.000|+1.200|
002:+0.001|+0.002|+1.200|+1.199|+0.002|+0.000|-0.001|+0.000|-0.013|+0.005|+0.000|+0.000|-0.010|+1.195|+0.000|+0.006|+0.003|-0.000|+0.000|+1.204|
003:+0.000|+0.002|+1.204|+1.204|+0.002|-0.000|+0.006|-0.000|+0.008|-0.013|+0.000|+0.000|+0.000|+1.194|+0.000|-0.008|+0.008|+0.000|+0.000|+1.195|
004:+0.000|+0.002|+1.197|+1.197|+0.002|+0.000|-0.002|+0.000|-0.001|+0.004|-0.000|+0.000|+0.002|+1.200|-0.000|+0.000|-0.005|+0.000|+0.000|+1.195|
005:+0.000|+0.001|+1.199|+1.199|+0.001|-0.000|-0.003|+0.000|-0.006|+0.005|-0.000|+0.000|-0.003|+1.198|+0.000|-0.001|-0.001|-0.000|+0.000|+1.197|
006:+0.001|+0.002|+1.202|+1.202|+0.002|-0.000|+0.012|-0.000|+0.000|-0.008|+0.000|+0.000|+0.004|+1.195|+0.000|-0.007|+0.005|-0.000|+0.000|+1.194|
007:+0.000|+0.002|+1.205|+1.205|+0.002|+0.000|-0.006|+0.000|+0.016|-0.001|-0.000|+0.000|+0.009|+1.207|-0.000|-0.006|-0.003|-0.000|+0.000|+1.197|
008:+0.000|+0.002|+1.198|+1.198|+0.002|+0.000|-0.002|+0.000|-0.012|+0.000|+0.000|+0.000|-0.014|+1.201|+0.000|+0.010|-0.005|-0.000|+0.000|+1.207|
009:+0.001|+0.002|+1.197|+1.197|+0.002|-0.000|+0.006|-0.000|+0.006|+0.002|+0.000|+0.000|+0.014|+1.199|+0.000|-0.002|-0.004|-0.000|+0.000|+1.192|
010:+0.000|+0.002|+1.205|+1.205|+0.002|-0.000|+0.001|+0.000|-0.005|-0.004|-0.001|+0.000|-0.007|+1.205|+0.000|+0.004|-0.003|+0.000|+0.000|+1.207|
011:+0.001|+0.001|+1.202|+1.201|+0.001|-0.000|-0.005|+0.000|+0.012|-0.007|+0.001|+0.000|-0.001|+1.206|+0.000|-0.001|-0.007|-0.001|+0.000|+1.199|
012:+0.000|+0.002|+1.189|+1.189|+0.002|+0.000|-0.004|+0.000|-0.017|+0.020|-0.001|+0.000|-0.001|+1.201|+0.000|+0.011|-0.014|+0.000|+0.000|+1.199|
013:+0.001|+0.002|+1.205|+1.204|+0.002|+0.000|+0.008|-0.000|+0.008|-0.006|+0.001|+0.000|+0.009|+1.197|+0.000|-0.005|+0.006|-0.001|+0.000|+1.198|
014:+0.001|+0.002|+1.206|+1.206|+0.002|+0.000|-0.006|+0.000|-0.001|-0.001|+0.000|+0.000|-0.009|+1.205|-0.000|+0.003|-0.000|-0.000|+0.000|+1.207|
015:+0.000|+0.002|+1.199|+1.199|+0.002|+0.000|+0.005|+0.000|-0.005|-0.003|-0.000|+0.000|-0.003|+1.199|-0.000|+0.002|-0.002|-0.000|+0.000|+1.199|
016:+0.000|+0.002|+1.201|+1.201|+0.002|-0.000|-0.011|+0.000|+0.015|+0.007|+0.000|+0.000|+0.010|+1.204|+0.000|-0.004|-0.004|-0.000|+0.000|+1.196|
017:+0.000|+0.002|+1.196|+1.196|+0.002|+0.000|+0.000|-0.000|-0.020|+0.008|-0.000|+0.000|-0.011|+1.192|+0.000|+0.012|+0.002|+0.000|+0.000|+1.206|
018:+0.001|+0.003|+1.206|+1.206|+0.003|+0.000|+0.000|+0.000|+0.010|-0.005|+0.000|+0.000|+0.005|+1.192|-0.000|-0.008|+0.010|-0.000|+0.000|+1.195|
019:+0.000|+0.002|+1.200|+1.200|+0.002|-0.000|+0.009|-0.000|+0.008|-0.009|+0.000|+0.000|+0.008|+1.193|+0.000|+0.002|+0.005|+0.000|+0.000|+1.200|
020:+0.001|+0.002|+1.200|+1.200|+0.002|+0.000|-0.006|+0.000|-0.015|+0.005|-0.000|+0.000|-0.015|+1.202|+0.000|+0.010|-0.003|+0.000|+0.000|+1.208|
021:+0.001|+0.002|+1.199|+1.199|+0.002|-0.000|-0.000|+0.000|+0.007|+0.001|+0.001|+0.000|+0.007|+1.195|+0.000|-0.005|+0.002|-0.000|+0.000|+1.192|
022:+0.000|+0.001|+1.199|+1.199|+0.001|-0.000|+0.000|-0.000|-0.008|+0.006|-0.000|+0.000|-0.001|+1.195|+0.000|+0.002|+0.002|+0.000|+0.000|+1.199|
023:+0.000|+0.002|+1.206|+1.206|+0.002|-0.000|+0.001|+0.000|+0.005|-0.003|+0.000|+0.000|+0.002|+1.195|-0.000|-0.006|+0.009|-0.000|+0.000|+1.198|
024:+0.000|+0.002|+1.203|+1.203|+0.002|-0.000|+0.002|-0.000|-0.006|-0.002|-0.001|+0.000|-0.006|+1.196|+0.000|-0.001|+0.005|+0.000|+0.000|+1.200|
025:+0.001|+0.002|+1.203|+1.202|+0.002|+0.000|+0.008|+0.000|+0.187|-0.006|+0.001|+0.000|+0.189|+1.198|+0.000|-0.007|+0.003|-0.001|+0.000|+1.194|
026:+0.000|+0.002|+1.205|+1.205|+0.002|-0.000|-0.012|+0.000|-0.180|+0.193|+0.056|+0.000|-0.055|+1.206|+0.000|+0.180|-0.003|+0.000|+0.000|+1.383|
027:+0.000|+0.002|+1.330|+1.386|+0.002|-0.000|+0.101|+0.000|-0.000|-0.190|-0.057|+0.000|-0.032|+1.193|+0.000|+0.000|+0.190|+0.056|+0.000|+1.328|
028:+0.054|+0.038|+1.334|+1.332|+0.038|+0.000|+0.002|-0.000|+0.000|+0.000|+0.006|+0.000|-0.004|+1.294|+0.000|+0.000|+0.000|-0.001|+0.000|+1.296|
029:+0.051|+0.038|+1.330|+1.335|+0.038|+0.000|+0.035|+0.000|-0.176|-0.000|-0.056|+0.000|-0.085|+1.297|-0.000|+0.000|+0.000|+0.004|+0.000|+1.292|
030:+0.052|+0.002|+1.386|+1.334|+0.002|-0.000|+0.052|-0.000|+0.160|-0.177|+0.051|+0.000|-0.015|+1.332|+0.000|-0.176|-0.000|-0.051|+0.000|+1.207|
031:+0.000|+0.001|+1.209|+1.209|+0.001|-0.000|-0.178|-0.000|+0.011|+0.173|+0.000|+0.000|+0.006|+1.384|+0.000|-0.015|-0.177|+0.000|+0.000|+1.192|
032:+0.000|+0.001|+1.204|+1.204|+0.001|-0.000|-0.013|+0.000|+0.004|+0.012|-0.000|+0.000|+0.003|+1.207|+0.000|-0.005|-0.004|+0.000|+0.000|+1.198|
033:+0.000|+0.002|+1.204|+1.204|+0.002|+0.000|+0.006|+0.000|+0.185|-0.008|-0.000|+0.000|+0.183|+1.194|+0.000|-0.001|+0.009|+0.000|+0.000|+1.201|
034:+0.000|+0.002|+1.202|+1.202|+0.002|-0.000|+0.008|+0.000|-0.184|+0.176|+0.056|+0.000|-0.056|+1.199|+0.000|+0.184|+0.000|-0.000|+0.000|+1.384|
035:+0.000|+0.002|+1.330|+1.386|+0.002|+0.000|+0.085|+0.000|-0.000|-0.177|-0.052|+0.000|-0.040|+1.207|+0.000|+0.000|+0.177|+0.056|+0.000|+1.328|
036:+0.055|+0.039|+1.327|+1.331|+0.039|-0.000|+0.000|+0.000|+0.000|-0.000|+0.004|+0.000|-0.004|+1.292|+0.000|+0.000|+0.000|+0.004|+0.000|+1.288|
037:+0.052|+0.042|+1.326|+1.334|+0.042|+0.000|+0.031|-0.000|-0.188|+0.001|-0.068|+0.000|-0.088|+1.292|+0.000|+0.000|-0.000|+0.008|+0.000|+1.284|
038:+0.061|+0.002|+1.386|+1.326|+0.002|+0.000|+0.061|+0.000|+0.191|-0.176|+0.060|+0.000|+0.017|+1.323|+0.000|-0.188|+0.001|-0.060|+0.000|+1.196|
039:+0.000|+0.002|+1.211|+1.211|+0.002|+0.000|-0.180|+0.000|-0.005|+0.177|+0.000|+0.000|-0.008|+1.384|+0.000|+0.003|-0.175|-0.000|+0.000|+1.213|
