MI|TE1|rTE1|TE2|rTE2|2|3_1|3_2|4_1|4_2|5|6_1|6_2|3_1_I|3_2_I|4_1_I|4_2_I|5_I|6_1_I|6_2_I|
001:+0.001|+0.001|+1.342|+1.342|+0.001|+0.000|-0.001|+0.000|-0.006|+0.004|+0.001|+0.000|-0.003|+1.343|+0.000|+0.002|-0.002|-0.000|+0.000|+1.343|
002:+0.000|+0.002|+1.346|+1.346|+0.002|+0.000|-0.004|+0.000|+0.004|+0.001|-0.000|+0.000|+0.002|+1.342|+0.000|-0.004|+0.002|+0.000|+0.000|+1.340|
003:+0.001|+0.002|+1.343|+1.343|+0.002|-0.000|+0.003|+0.000|+0.000|-0.002|+0.000|+0.000|+0.001|+1.338|+0.000|+0.001|+0.004|-0.000|+0.000|+1.342|
004:+0.000|+0.002|+1.344|+1.344|+0.002|+0.000|+0.002|-0.000|+0.002|-0.003|-0.000|+0.000|+0.001|+1.341|+0.000|+0.001|+0.001|-0.000|+0.000|+1.343|
005:+0.000|+0.002|+1.343|+1.343|+0.002|+0.000|+0.002|+0.000|-0.004|+0.000|-0.000|+0.000|-0.001|+1.343|+0.000|+0.003|-0.002|-0.000|+0.000|+1.344|
006:+0.000|+0.002|+1.345|+1.345|+0.002|-0.000|+0.000|+0.000|+0.006|-0.001|+0.000|+0.000|+0.005|+1.345|+0.000|-0.001|-0.002|-0.000|+0.000|+1.343|
007:+0.001|+0.002|+1.344|+1.344|+0.002|-0.000|-0.004|-0.000|-0.007|+0.004|-0.001|+0.000|-0.006|+1.346|+0.000|+0.005|-0.003|+0.000|+0.000|+1.347|
008:+0.000|+0.002|+1.345|+1.345|+0.002|-0.000|+0.004|+0.000|+0.007|-0.008|+0.000|+0.000|+0.003|+1.342|-0.000|-0.001|+0.001|-0.000|+0.000|+1.342|
009:+0.001|+0.002|+1.341|+1.341|+0.002|+0.000|-0.002|+0.000|-0.005|+0.006|-0.000|+0.000|-0.000|+1.346|+0.000|+0.006|-0.007|+0.000|+0.000|+1.345|
010:+0.000|+0.001|+1.345|+1.345|+0.001|+0.000|+0.001|-0.000|+0.003|-0.002|-0.000|+0.000|+0.002|+1.344|+0.000|+0.001|-0.001|-0.000|+0.000|+1.344|
011:+0.000|+0.001|+1.343|+1.342|+0.001|+0.000|-0.001|-0.000|-0.001|+0.002|+0.000|+0.000|+0.000|+1.345|+0.000|+0.004|-0.003|-0.000|+0.000|+1.346|
012:+0.000|+0.002|+1.344|+1.344|+0.002|-0.000|+0.001|+0.000|-0.003|-0.002|-0.000|+0.000|-0.004|+1.343|-0.000|+0.004|-0.001|-0.000|+0.000|+1.346|
013:+0.001|+0.001|+1.344|+1.344|+0.001|+0.000|-0.000|-0.000|+0.004|-0.002|+0.000|+0.000|+0.001|+1.345|+0.000|+0.000|-0.002|-0.000|+0.000|+1.343|
014:+0.001|+0.002|+1.341|+1.342|+0.002|+0.000|-0.003|+0.000|-0.004|+0.006|-0.000|+0.000|-0.002|+1.345|+0.000|+0.004|-0.005|+0.000|+0.000|+1.344|
015:+0.000|+0.002|+1.344|+1.344|+0.002|-0.000|+0.001|-0.000|+0.003|-0.001|-0.001|+0.000|+0.004|+1.342|+0.000|-0.000|+0.001|+0.000|+0.000|+1.343|
016:+0.001|+0.002|+1.346|+1.345|+0.002|+0.000|-0.001|+0.000|-0.001|+0.001|+0.001|+0.000|-0.002|+1.343|+0.000|+0.003|-0.000|-0.001|+0.000|+1.347|
017:+0.001|+0.002|+1.345|+1.344|+0.002|+0.000|-0.002|+0.000|+0.005|-0.007|+0.000|+0.000|-0.004|+1.342|+0.000|+0.002|+0.000|-0.000|+0.000|+1.345|
018:+0.001|+0.002|+1.336|+1.336|+0.002|+0.000|+0.002|+0.000|-0.004|+0.005|+0.000|+0.000|+0.003|+1.341|+0.000|+0.007|-0.006|+0.000|+0.000|+1.341|
019:+0.000|+0.002|+1.343|+1.343|+0.002|+0.000|+0.002|-0.000|-0.007|-0.001|-0.000|+0.000|-0.006|+1.343|+0.000|+0.002|-0.001|+0.000|+0.000|+1.344|
020:+0.000|+0.002|+1.345|+1.345|+0.002|+0.000|-0.003|+0.000|+0.006|+0.005|+0.000|+0.000|+0.008|+1.345|+0.000|-0.005|-0.003|-0.000|+0.000|+1.338|
021:+0.000|+0.002|+1.346|+1.347|+0.002|+0.000|+0.002|+0.000|-0.000|-0.005|-0.001|+0.000|-0.002|+1.342|+0.000|+0.002|+0.003|+0.000|+0.000|+1.346|
022:+0.001|+0.002|+1.344|+1.344|+0.002|+0.000|-0.001|-0.000|+0.004|-0.004|+0.001|+0.000|-0.002|+1.344|+0.000|+0.001|-0.002|-0.001|+0.000|+1.344|
023:+0.001|+0.002|+1.339|+1.339|+0.002|+0.000|-0.004|+0.000|-0.001|+0.012|-0.001|+0.000|+0.007|+1.343|+0.000|+0.005|-0.005|+0.000|+0.000|+1.342|
024:+0.001|+0.002|+1.348|+1.347|+0.002|+0.000|-0.001|-0.000|-0.002|-0.001|+0.000|+0.000|-0.005|+1.339|+0.000|+0.004|+0.007|-0.000|+0.000|+1.349|
025:+0.000|+0.001|+1.345|+1.345|+0.001|+0.000|+0.007|+0.300|-0.000|+0.034|+0.000|+0.344|-0.003|+1.338|+0.000|+0.001|+0.006|+0.000|+0.000|+1.345|
026:+0.000|+0.002|+1.042|+1.042|+0.001|-0.000|+0.039|-0.009|+0.002|-0.039|-0.000|+0.005|+0.005|+1.344|+0.300|+0.001|+0.040|+0.000|+0.344|+1.341|
027:+0.001|+0.002|+1.037|+1.055|+0.002|-0.018|+0.001|-0.003|-0.000|-0.000|+0.000|-0.001|-0.002|+1.383|+0.291|+0.003|+0.000|-0.000|+0.348|+1.347|
028:+0.001|+0.002|+1.039|+1.056|+0.002|-0.017|-0.003|-0.001|+0.037|-0.000|+0.003|-0.022|+0.034|+1.384|+0.288|+0.003|-0.000|-0.000|+0.347|+1.344|
029:+0.001|+0.005|+1.057|+1.059|+0.004|+0.000|-0.002|+0.040|-0.040|-0.034|-0.005|-0.028|+0.002|+1.381|+0.286|+0.040|-0.000|+0.003|+0.325|+1.378|
030:+0.003|+0.005|+1.054|+1.057|+0.006|-0.005|-0.041|+0.016|-0.000|+0.042|+0.002|-0.011|+0.003|+1.378|+0.326|+0.000|-0.035|-0.002|+0.298|+1.380|
031:+0.001|+0.003|+1.062|+1.043|+0.003|+0.018|-0.002|+0.003|-0.000|-0.004|+0.000|-0.001|+0.000|+1.338|+0.342|+0.000|+0.007|-0.001|+0.287|+1.383|
032:+0.000|+0.002|+1.055|+1.040|+0.002|+0.015|+0.007|-0.002|-0.036|-0.003|+0.000|+0.017|-0.036|+1.335|+0.346|+0.000|+0.003|-0.000|+0.286|+1.384|
033:+0.000|+0.002|+1.042|+1.042|+0.002|+0.000|-0.005|-0.045|+0.032|+0.045|-0.000|+0.035|-0.007|+1.343|+0.344|-0.036|+0.001|+0.000|+0.303|+1.348|
034:+0.001|+0.002|+1.047|+1.047|+0.002|-0.001|+0.046|-0.007|+0.009|-0.046|+0.000|+0.012|+0.004|+1.338|+0.298|-0.004|+0.046|-0.000|+0.339|+1.340|
035:+0.001|+0.002|+1.035|+1.051|+0.003|-0.015|+0.000|-0.005|-0.003|+0.000|-0.000|-0.003|-0.002|+1.383|+0.291|+0.005|+0.000|-0.000|+0.351|+1.344|
036:+0.001|+0.002|+1.038|+1.055|+0.002|-0.017|-0.005|-0.002|+0.039|+0.000|+0.003|-0.023|+0.035|+1.384|+0.286|+0.002|+0.000|-0.000|+0.348|+1.342|
037:+0.001|+0.006|+1.058|+1.059|+0.006|+0.001|-0.003|+0.036|-0.041|-0.046|-0.009|-0.043|+0.004|+1.379|+0.285|+0.041|+0.000|+0.003|+0.324|+1.377|
038:+0.006|+0.004|+1.059|+1.060|+0.005|-0.006|-0.034|+0.025|-0.000|+0.048|+0.006|+0.006|+0.003|+1.376|+0.320|+0.000|-0.046|-0.006|+0.281|+1.381|
039:+0.000|+0.002|+1.057|+1.040|+0.002|+0.017|-0.001|-0.002|+0.000|+0.005|-0.000|+0.001|-0.001|+1.342|+0.346|-0.000|+0.002|+0.000|+0.288|+1.384|
