MI|TE1|rTE1|TE2|rTE2|2|3_1|3_2|4_1|4_2|5|6_1|6_2|3_1_I|3_2_I|4_1_I|4_2_I|5_I|6_1_I|6_2_I|
001:+0.000|+0.002|+1.362|+1.362|+0.002|-0.000|+0.001|+0.000|-0.000|-0.003|+0.000|+0.000|-0.003|+1.359|-0.000|-0.003|+0.001|+0.000|+0.000|+1.357|
002:+0.000|+0.002|+1.359|+1.359|+0.002|+0.000|-0.003|+0.000|+0.001|+0.008|+0.000|+0.000|+0.006|+1.359|+0.000|-0.004|-0.002|+0.000|+0.000|+1.354|
003:+0.000|+0.002|+1.364|+1.364|+0.002|-0.000|+0.003|+0.000|-0.001|-0.005|+0.000|+0.000|-0.003|+1.356|+0.000|-0.002|+0.006|+0.000|+0.000|+1.360|
004:+0.000|+0.002|+1.362|+1.362|+0.002|+0.000|-0.004|-0.000|+0.002|+0.003|-0.000|+0.000|+0.001|+1.360|+0.000|-0.003|+0.001|+0.000|+0.000|+1.357|
005:+0.000|+0.002|+1.361|+1.362|+0.002|-0.000|+0.002|+0.000|+0.003|-0.006|+0.000|+0.000|-0.002|+1.356|-0.000|-0.001|+0.003|+0.000|+0.000|+1.358|
006:+0.000|+0.002|+1.357|+1.357|+0.002|+0.000|+0.000|+0.000|+0.005|-0.000|-0.000|+0.000|+0.006|+1.358|-0.000|+0.001|-0.003|+0.000|+0.000|+1.356|
007:+0.001|+0.002|+1.357|+1.357|+0.002|+0.000|+0.002|+0.000|-0.009|+0.002|+0.000|+0.000|-0.005|+1.358|-0.000|+0.007|-0.003|-0.000|+0.000|+1.362|
008:+0.000|+0.002|+1.360|+1.360|+0.002|+0.000|+0.001|+0.000|+0.003|-0.002|+0.000|+0.000|+0.002|+1.360|+0.000|-0.002|-0.001|-0.000|+0.000|+1.357|
009:+0.001|+0.002|+1.360|+1.360|+0.002|-0.000|-0.008|-0.000|+0.000|+0.008|-0.000|+0.000|-0.000|+1.362|+0.000|+0.001|-0.004|+0.000|+0.000|+1.359|
010:+0.000|+0.002|+1.359|+1.359|+0.002|-0.000|+0.006|+0.000|-0.005|-0.002|+0.000|+0.000|-0.002|+1.353|+0.000|+0.001|+0.004|-0.000|+0.000|+1.359|
011:+0.000|+0.002|+1.363|+1.363|+0.002|+0.000|-0.001|-0.000|+0.001|-0.004|-0.000|+0.000|-0.003|+1.359|+0.000|-0.004|+0.002|+0.000|+0.000|+1.357|
012:+0.001|+0.001|+1.358|+1.358|+0.001|-0.000|+0.001|+0.000|+0.003|+0.000|+0.000|+0.000|+0.004|+1.358|-0.000|-0.002|-0.002|-0.000|+0.000|+1.354|
013:+0.000|+0.002|+1.360|+1.361|+0.002|+0.000|-0.004|-0.000|+0.003|+0.004|+0.000|+0.000|+0.003|+1.359|+0.000|+0.001|-0.001|+0.000|+0.000|+1.359|
014:+0.000|+0.001|+1.359|+1.360|+0.001|+0.000|+0.002|-0.000|-0.006|-0.002|-0.001|+0.000|-0.005|+1.356|+0.000|+0.004|+0.003|+0.000|+0.000|+1.362|
015:+0.001|+0.002|+1.360|+1.360|+0.002|+0.000|+0.005|+0.000|-0.003|-0.004|+0.001|+0.000|-0.002|+1.357|-0.000|-0.002|+0.001|-0.000|+0.000|+1.357|
016:+0.000|+0.001|+1.360|+1.360|+0.001|+0.000|-0.001|+0.000|+0.007|-0.006|+0.000|+0.000|-0.000|+1.362|+0.000|-0.004|-0.003|+0.000|+0.000|+1.355|
017:+0.000|+0.002|+1.353|+1.354|+0.002|-0.000|-0.002|+0.000|-0.008|+0.013|-0.000|+0.000|+0.002|+1.361|+0.000|+0.003|-0.009|+0.000|+0.000|+1.355|
018:+0.000|+0.001|+1.364|+1.364|+0.001|+0.000|-0.004|+0.000|+0.003|+0.002|-0.001|+0.000|+0.002|+1.358|+0.000|-0.005|+0.004|-0.000|+0.000|+1.357|
019:+0.001|+0.002|+1.364|+1.363|+0.002|+0.000|+0.007|-0.000|+0.000|-0.011|+0.001|+0.000|-0.004|+1.354|+0.000|-0.002|+0.006|-0.001|+0.000|+1.359|
020:+0.000|+0.003|+1.360|+1.360|+0.003|+0.000|-0.002|+0.000|+0.007|-0.000|+0.000|+0.000|+0.005|+1.362|+0.000|-0.002|-0.005|-0.000|+0.000|+1.354|
021:+0.000|+0.002|+1.356|+1.356|+0.002|-0.000|-0.004|+0.000|-0.008|+0.009|-0.000|+0.000|-0.002|+1.360|+0.000|+0.005|-0.005|+0.000|+0.000|+1.360|
022:+0.001|+0.002|+1.362|+1.362|+0.002|-0.000|+0.001|+0.000|+0.000|-0.003|-0.001|+0.000|-0.001|+1.356|+0.000|-0.003|+0.004|-0.000|+0.000|+1.357|
023:+0.001|+0.002|+1.361|+1.360|+0.002|+0.000|+0.003|-0.000|+0.002|-0.005|+0.001|+0.000|-0.001|+1.357|+0.000|-0.002|+0.001|-0.001|+0.000|+1.357|
024:+0.001|+0.003|+1.359|+1.359|+0.003|+0.000|-0.001|-0.000|-0.002|+0.005|-0.000|+0.000|+0.002|+1.360|+0.000|-0.001|-0.003|+0.000|+0.000|+1.356|
025:+0.000|+0.003|+1.363|+1.363|+0.003|+0.000|-0.005|+0.325|+0.000|+0.028|-0.000|+0.350|-0.001|+1.359|-0.000|-0.002|+0.001|-0.000|+0.000|+1.358|
026:+0.001|+0.002|+1.035|+1.035|+0.002|-0.000|+0.030|-0.023|+0.007|-0.029|+0.001|-0.005|-0.001|+1.354|+0.325|-0.002|+0.029|-0.001|+0.350|+1.357|
027:+0.000|+0.002|+1.040|+1.050|+0.001|-0.010|-0.000|+0.003|-0.007|+0.001|+0.000|-0.002|+0.002|+1.384|+0.302|+0.005|+0.000|+0.000|+0.346|+1.356|
028:+0.000|+0.001|+1.042|+1.056|+0.001|-0.014|-0.001|+0.001|+0.030|-0.001|+0.000|-0.005|+0.025|+1.384|+0.306|-0.003|+0.001|+0.000|+0.344|+1.357|
029:+0.001|+0.003|+1.046|+1.052|+0.002|-0.006|-0.001|+0.023|-0.027|-0.024|-0.001|-0.032|-0.000|+1.382|+0.307|+0.027|+0.000|+0.001|+0.339|+1.382|
030:+0.001|+0.004|+1.054|+1.055|+0.004|-0.001|-0.024|+0.014|-0.001|+0.025|+0.000|+0.000|+0.002|+1.381|+0.330|+0.000|-0.024|-0.001|+0.307|+1.382|
031:+0.001|+0.002|+1.052|+1.042|+0.001|+0.010|+0.000|+0.005|+0.000|-0.000|+0.001|+0.004|-0.001|+1.357|+0.344|-0.000|+0.000|-0.000|+0.307|+1.384|
032:+0.000|+0.002|+1.049|+1.037|+0.002|+0.012|+0.003|+0.002|-0.026|-0.001|-0.000|+0.016|-0.025|+1.358|+0.348|-0.000|-0.000|+0.000|+0.311|+1.383|
033:+0.000|+0.001|+1.035|+1.035|+0.002|+0.001|-0.001|-0.027|+0.022|+0.025|-0.000|+0.022|-0.002|+1.361|+0.351|-0.026|-0.001|+0.000|+0.326|+1.358|
034:+0.001|+0.002|+1.038|+1.037|+0.002|+0.000|+0.024|-0.013|+0.006|-0.024|-0.000|+0.000|+0.003|+1.360|+0.324|-0.003|+0.024|-0.000|+0.348|+1.356|
035:+0.001|+0.002|+1.037|+1.048|+0.002|-0.011|+0.000|-0.001|-0.007|-0.000|+0.000|-0.001|-0.004|+1.384|+0.311|+0.003|+0.000|-0.000|+0.349|+1.360|
036:+0.001|+0.001|+1.038|+1.051|+0.001|-0.013|-0.001|-0.000|+0.028|-0.000|+0.002|-0.013|+0.026|+1.384|+0.310|-0.004|-0.000|-0.000|+0.347|+1.356|
037:+0.000|+0.003|+1.050|+1.052|+0.002|-0.000|-0.001|+0.025|-0.024|-0.028|-0.003|-0.027|+0.002|+1.383|+0.310|+0.024|-0.000|+0.002|+0.334|+1.382|
038:+0.002|+0.002|+1.051|+1.049|+0.003|+0.000|-0.024|+0.014|-0.000|+0.025|+0.002|-0.001|+0.000|+1.382|+0.335|-0.000|-0.028|-0.001|+0.307|+1.383|
039:+0.000|+0.002|+1.051|+1.037|+0.002|+0.015|+0.003|-0.007|+0.000|-0.004|+0.000|-0.006|+0.000|+1.358|+0.349|-0.000|-0.003|+0.000|+0.306|+1.384|
