MI|TE1|rTE1|TE2|rTE2|2|3_1|3_2|4_1|4_2|5|6_1|6_2|3_1_I|3_2_I|4_1_I|4_2_I|5_I|6_1_I|6_2_I|
001:+0.000|+0.002|+1.235|+1.235|+0.002|+0.000|-0.001|-0.000|-0.004|+0.003|-0.000|+0.000|-0.002|+1.239|+0.000|+0.006|-0.006|+0.000|+0.000|+1.239|
002:+0.000|+0.001|+1.237|+1.237|+0.001|+0.000|+0.005|+0.000|-0.007|-0.003|-0.001|+0.000|-0.004|+1.239|-0.000|+0.002|-0.003|+0.000|+0.000|+1.237|
003:+0.001|+0.001|+1.240|+1.239|+0.001|+0.000|-0.002|-0.000|+0.013|+0.001|+0.001|+0.000|+0.011|+1.244|+0.000|-0.005|-0.006|-0.001|+0.000|+1.233|
004:+0.001|+0.002|+1.238|+1.238|+0.002|-0.000|-0.005|+0.000|+0.000|+0.001|-0.000|+0.000|-0.003|+1.242|-0.000|+0.008|-0.005|-0.000|+0.000|+1.244|
005:+0.000|+0.001|+1.234|+1.234|+0.001|+0.000|+0.003|+0.000|-0.005|+0.001|+0.000|+0.000|-0.000|+1.237|+0.000|+0.008|-0.004|-0.000|+0.000|+1.241|
006:+0.000|+0.002|+1.239|+1.239|+0.002|+0.000|-0.005|-0.000|-0.010|+0.008|-0.000|+0.000|-0.007|+1.240|+0.000|+0.004|-0.003|+0.000|+0.000|+1.241|
007:+0.000|+0.001|+1.242|+1.242|+0.001|-0.000|+0.005|+0.000|+0.011|-0.008|-0.000|+0.000|+0.008|+1.235|+0.000|-0.007|+0.005|+0.000|+0.000|+1.234|
008:+0.001|+0.002|+1.240|+1.239|+0.002|-0.000|-0.003|+0.000|+0.008|+0.001|-0.000|+0.000|+0.006|+1.241|+0.000|+0.004|-0.003|-0.000|+0.000|+1.242|
009:+0.001|+0.003|+1.238|+1.238|+0.003|-0.000|+0.014|+0.000|-0.016|-0.005|-0.000|+0.000|-0.007|+1.238|+0.000|+0.012|-0.002|-0.000|+0.000|+1.248|
010:+0.001|+0.001|+1.246|+1.245|+0.001|+0.000|-0.020|+0.000|+0.003|+0.015|+0.000|+0.000|-0.003|+1.251|+0.000|-0.004|-0.007|-0.000|+0.000|+1.240|
011:+0.000|+0.002|+1.241|+1.241|+0.002|+0.000|+0.004|-0.000|-0.012|+0.002|+0.000|+0.000|-0.007|+1.231|+0.000|-0.001|+0.008|+0.000|+0.000|+1.238|
012:+0.000|+0.002|+1.247|+1.247|+0.002|+0.000|+0.008|+0.000|+0.017|-0.016|-0.000|+0.000|+0.009|+1.235|+0.000|-0.014|+0.009|+0.000|+0.000|+1.231|
013:+0.000|+0.002|+1.239|+1.239|+0.002|+0.000|-0.008|-0.000|-0.013|+0.017|-0.000|+0.000|-0.005|+1.243|+0.000|+0.003|-0.007|+0.000|+0.000|+1.240|
014:+0.001|+0.002|+1.247|+1.247|+0.002|+0.000|+0.002|+0.000|+0.010|-0.009|-0.001|+0.000|+0.005|+1.235|-0.000|-0.010|+0.010|-0.000|+0.000|+1.235|
015:+0.001|+0.002|+1.241|+1.240|+0.002|-0.000|+0.013|+0.000|-0.002|-0.011|+0.001|+0.000|-0.000|+1.237|+0.000|+0.001|+0.001|-0.001|+0.000|+1.240|
016:+0.000|+0.002|+1.244|+1.244|+0.002|-0.000|-0.015|-0.000|-0.001|+0.018|+0.000|+0.000|+0.002|+1.251|+0.000|-0.002|-0.009|+0.000|+0.000|+1.240|
017:+0.000|+0.002|+1.245|+1.246|+0.002|+0.000|+0.003|+0.000|+0.003|-0.009|-0.000|+0.000|-0.002|+1.235|+0.000|-0.002|+0.009|+0.000|+0.000|+1.241|
018:+0.000|+0.002|+1.240|+1.240|+0.002|+0.000|-0.002|+0.000|+0.008|+0.003|+0.000|+0.000|+0.009|+1.238|+0.000|+0.001|-0.000|+0.000|+0.000|+1.239|
019:+0.000|+0.002|+1.240|+1.240|+0.002|+0.000|+0.005|-0.000|-0.013|-0.004|+0.000|+0.000|-0.011|+1.236|+0.000|+0.009|+0.002|+0.000|+0.000|+1.248|
020:+0.000|+0.003|+1.243|+1.243|+0.003|+0.000|+0.000|+0.000|-0.005|+0.001|-0.000|+0.000|-0.004|+1.242|-0.000|-0.003|-0.001|+0.000|+0.000|+1.237|
021:+0.001|+0.001|+1.243|+1.243|+0.001|-0.000|-0.010|+0.000|+0.022|-0.001|+0.000|+0.000|+0.012|+1.242|-0.000|-0.009|-0.001|-0.000|+0.000|+1.233|
022:+0.001|+0.002|+1.233|+1.233|+0.002|-0.000|+0.003|-0.000|-0.019|+0.004|+0.000|+0.000|-0.011|+1.232|+0.000|+0.013|-0.001|-0.000|+0.000|+1.244|
023:+0.001|+0.001|+1.240|+1.240|+0.001|+0.000|+0.001|+0.000|+0.007|+0.001|+0.000|+0.000|+0.008|+1.236|+0.000|-0.006|+0.003|+0.000|+0.000|+1.233|
024:+0.000|+0.001|+1.242|+1.242|+0.001|+0.000|+0.005|+0.000|-0.007|+0.000|-0.001|+0.000|-0.001|+1.237|+0.000|+0.001|+0.004|+0.000|+0.000|+1.241|
025:+0.001|+0.002|+1.248|+1.248|+0.002|+0.000|-0.011|+0.203|+0.008|+0.150|+0.000|+0.351|-0.002|+1.241|+0.000|-0.006|+0.005|-0.001|+0.000|+1.240|
026:+0.001|+0.001|+1.035|+1.035|+0.002|+0.000|+0.155|-0.004|+0.003|-0.154|+0.001|-0.008|+0.006|+1.230|+0.203|+0.002|+0.154|-0.000|+0.351|+1.239|
027:+0.000|+0.001|+1.043|+1.043|+0.002|+0.001|-0.000|+0.005|-0.002|+0.000|-0.000|+0.002|+0.003|+1.384|+0.199|+0.005|+0.000|+0.000|+0.343|+1.244|
028:+0.000|+0.002|+1.041|+1.042|+0.001|-0.000|+0.000|+0.002|+0.133|-0.000|+0.000|-0.002|+0.137|+1.384|+0.204|+0.003|+0.000|+0.000|+0.344|+1.247|
029:+0.000|+0.002|+1.043|+1.044|+0.001|-0.000|-0.000|+0.144|-0.136|-0.000|-0.000|+0.008|-0.000|+1.384|+0.206|+0.136|+0.000|+0.000|+0.342|+1.384|
030:+0.001|+0.002|+1.035|+1.036|+0.002|-0.000|-0.001|+0.000|+0.000|+0.000|+0.000|+0.000|-0.000|+1.384|+0.350|-0.000|-0.000|-0.000|+0.350|+1.384|
031:+0.000|+0.003|+1.036|+1.036|+0.002|-0.000|+0.001|+0.005|+0.000|-0.000|-0.000|+0.005|+0.001|+1.383|+0.350|+0.000|+0.000|+0.000|+0.350|+1.384|
032:+0.001|+0.001|+1.030|+1.030|+0.001|-0.000|-0.000|-0.011|-0.000|+0.001|+0.000|-0.011|-0.000|+1.384|+0.355|+0.000|-0.000|-0.000|+0.356|+1.385|
033:+0.000|+0.001|+1.042|+1.042|+0.002|+0.000|-0.001|+0.003|+0.000|-0.000|-0.000|+0.003|+0.000|+1.384|+0.344|-0.000|+0.000|-0.000|+0.344|+1.384|
034:+0.001|+0.002|+1.039|+1.038|+0.001|-0.000|+0.001|-0.005|-0.000|-0.000|+0.001|-0.005|-0.001|+1.384|+0.347|+0.000|-0.000|-0.000|+0.347|+1.385|
035:+0.000|+0.001|+1.044|+1.044|+0.002|+0.000|-0.000|+0.007|+0.000|+0.000|-0.000|+0.008|+0.000|+1.385|+0.342|-0.000|-0.000|+0.000|+0.342|+1.384|
036:+0.000|+0.002|+1.036|+1.036|+0.002|-0.000|+0.000|-0.001|-0.000|-0.000|+0.000|-0.001|-0.000|+1.384|+0.349|+0.000|+0.000|+0.000|+0.350|+1.384|
037:+0.000|+0.002|+1.037|+1.038|+0.002|+0.000|-0.001|-0.004|+0.000|-0.000|-0.000|-0.004|-0.000|+1.384|+0.348|+0.000|+0.000|+0.000|+0.348|+1.384|
038:+0.000|+0.002|+1.041|+1.041|+0.002|+0.000|+0.000|+0.002|-0.000|+0.000|-0.000|+0.002|+0.001|+1.384|+0.345|+0.000|-0.000|+0.000|+0.345|+1.384|
039:+0.000|+0.002|+1.039|+1.039|+0.002|-0.000|+0.001|-0.002|-0.000|-0.000|+0.001|-0.002|-0.000|+1.384|+0.347|-0.000|+0.000|-0.000|+0.347|+1.384|
