MI|TE1|rTE1|TE2|rTE2|2|3_1|3_2|4_1|4_2|5|6_1|6_2|3_1_I|3_2_I|4_1_I|4_2_I|5_I|6_1_I|6_2_I|
001:+0.000|+0.002|+1.282|+1.283|+0.002|+0.000|+0.016|-0.000|+0.009|-0.020|-0.000|+0.000|+0.005|+1.267|+0.000|-0.006|+0.015|+0.000|+0.000|+1.274|
002:+0.000|+0.002|+1.279|+1.279|+0.002|+0.000|-0.003|+0.000|+0.006|-0.006|-0.000|+0.000|-0.004|+1.282|-0.000|+0.002|-0.005|+0.000|+0.000|+1.279|
003:+0.000|+0.001|+1.269|+1.269|+0.001|+0.000|-0.006|+0.000|+0.006|+0.002|-0.000|+0.000|+0.003|+1.279|-0.000|+0.008|-0.012|+0.000|+0.000|+1.276|
004:+0.001|+0.002|+1.267|+1.266|+0.002|-0.000|+0.007|+0.000|-0.004|-0.000|+0.001|+0.000|+0.001|+1.274|+0.000|+0.014|-0.010|-0.000|+0.000|+1.279|
005:+0.000|+0.002|+1.272|+1.273|+0.002|-0.000|-0.000|+0.000|-0.013|+0.005|-0.001|+0.000|-0.007|+1.280|+0.000|+0.010|-0.010|+0.000|+0.000|+1.280|
006:+0.001|+0.002|+1.277|+1.277|+0.002|-0.000|-0.012|-0.000|+0.001|+0.013|+0.001|+0.000|+0.001|+1.280|+0.000|-0.003|-0.005|-0.000|+0.000|+1.272|
007:+0.000|+0.002|+1.278|+1.278|+0.002|-0.000|+0.005|-0.000|+0.005|-0.010|-0.001|+0.000|+0.001|+1.268|+0.000|-0.002|+0.008|+0.000|+0.000|+1.274|
008:+0.001|+0.001|+1.272|+1.272|+0.001|-0.000|-0.004|+0.000|+0.001|+0.002|+0.001|+0.000|-0.001|+1.273|-0.000|+0.003|-0.002|-0.001|+0.000|+1.274|
009:+0.001|+0.002|+1.271|+1.271|+0.002|+0.000|+0.004|+0.000|+0.013|-0.005|+0.000|+0.000|+0.012|+1.269|-0.000|+0.005|+0.000|-0.000|+0.000|+1.274|
010:+0.000|+0.002|+1.269|+1.269|+0.002|-0.000|+0.000|+0.000|-0.016|+0.007|-0.000|+0.000|-0.009|+1.273|+0.000|+0.017|-0.005|-0.000|+0.000|+1.285|
011:+0.001|+0.002|+1.277|+1.277|+0.002|+0.000|-0.003|+0.000|-0.002|-0.001|+0.001|+0.000|-0.006|+1.273|+0.000|+0.002|+0.002|-0.000|+0.000|+1.277|
012:+0.000|+0.002|+1.272|+1.272|+0.002|+0.000|-0.001|-0.000|+0.007|+0.002|-0.001|+0.000|+0.008|+1.270|+0.000|-0.000|+0.001|+0.000|+0.000|+1.270|
013:+0.001|+0.002|+1.274|+1.274|+0.002|-0.000|+0.001|+0.000|-0.015|+0.002|+0.001|+0.000|-0.012|+1.269|-0.000|+0.007|+0.002|-0.000|+0.000|+1.279|
014:+0.000|+0.001|+1.275|+1.276|+0.001|+0.000|+0.005|+0.000|+0.012|+0.000|-0.001|+0.000|+0.018|+1.270|-0.000|-0.008|+0.005|+0.000|+0.000|+1.267|
015:+0.001|+0.001|+1.281|+1.281|+0.001|-0.000|-0.001|+0.000|-0.002|-0.007|+0.000|+0.000|-0.011|+1.275|+0.000|+0.004|+0.005|-0.001|+0.000|+1.285|
016:+0.001|+0.001|+1.273|+1.272|+0.001|-0.000|+0.001|-0.000|+0.006|-0.004|+0.000|+0.000|+0.003|+1.273|+0.000|+0.002|-0.002|-0.000|+0.000|+1.274|
017:+0.000|+0.001|+1.269|+1.269|+0.001|+0.000|+0.006|+0.000|-0.005|-0.006|-0.000|+0.000|-0.004|+1.274|-0.000|+0.009|-0.007|+0.000|+0.000|+1.276|
018:+0.001|+0.002|+1.270|+1.270|+0.002|+0.000|-0.012|+0.000|-0.001|+0.020|+0.000|+0.000|+0.007|+1.281|+0.000|+0.004|-0.013|-0.000|+0.000|+1.272|
019:+0.000|+0.002|+1.278|+1.278|+0.002|+0.000|+0.010|-0.000|+0.004|-0.017|+0.000|+0.000|-0.003|+1.269|+0.000|+0.003|+0.007|-0.000|+0.000|+1.279|
020:+0.000|+0.002|+1.272|+1.272|+0.002|+0.000|-0.005|+0.000|-0.005|+0.011|+0.000|+0.000|+0.001|+1.279|-0.000|+0.007|-0.010|+0.000|+0.000|+1.276|
021:+0.000|+0.001|+1.276|+1.277|+0.001|-0.000|+0.005|+0.000|+0.002|-0.016|-0.001|+0.000|-0.009|+1.274|+0.000|+0.002|+0.002|+0.000|+0.000|+1.277|
022:+0.001|+0.002|+1.266|+1.266|+0.002|+0.000|-0.015|+0.000|-0.000|+0.025|+0.001|+0.000|+0.009|+1.279|+0.000|+0.003|-0.015|-0.001|+0.000|+1.268|
023:+0.000|+0.002|+1.276|+1.276|+0.002|-0.000|+0.012|-0.000|-0.003|-0.018|+0.000|+0.000|-0.009|+1.264|+0.000|+0.003|+0.010|+0.000|+0.000|+1.277|
024:+0.000|+0.002|+1.270|+1.270|+0.002|+0.000|-0.005|+0.000|-0.004|+0.012|-0.000|+0.000|+0.003|+1.276|-0.000|-0.000|-0.008|+0.000|+0.000|+1.268|
025:+0.000|+0.002|+1.276|+1.276|+0.002|+0.000|+0.006|-0.000|+0.120|-0.013|+0.000|+0.000|+0.112|+1.271|-0.000|-0.004|+0.004|+0.000|+0.000|+1.271|
026:+0.001|+0.002|+1.269|+1.270|+0.002|+0.000|-0.001|+0.000|-0.116|+0.118|+0.022|+0.000|-0.021|+1.276|-0.000|+0.116|-0.009|+0.000|+0.000|+1.383|
027:+0.000|+0.002|+1.364|+1.386|+0.002|+0.000|+0.067|+0.000|-0.000|-0.109|-0.026|+0.000|-0.016|+1.275|+0.000|+0.000|+0.109|+0.022|+0.000|+1.362|
028:+0.023|+0.020|+1.367|+1.363|+0.020|+0.000|+0.006|+0.000|+0.000|-0.000|+0.004|+0.000|+0.002|+1.342|+0.000|+0.000|+0.000|-0.004|+0.000|+1.347|
029:+0.022|+0.016|+1.365|+1.365|+0.016|-0.000|+0.013|-0.000|-0.113|+0.000|-0.023|+0.000|-0.078|+1.348|+0.000|+0.000|-0.000|-0.000|+0.000|+1.349|
030:+0.023|+0.002|+1.386|+1.363|+0.002|-0.000|+0.022|+0.000|+0.121|-0.113|+0.023|+0.000|+0.007|+1.361|+0.000|-0.113|+0.000|-0.023|+0.000|+1.271|
031:+0.001|+0.002|+1.273|+1.272|+0.002|+0.000|-0.101|+0.000|+0.004|+0.101|+0.000|+0.000|+0.004|+1.383|+0.000|+0.007|-0.113|-0.001|+0.000|+1.278|
032:+0.001|+0.002|+1.273|+1.272|+0.002|-0.000|-0.007|-0.000|-0.014|+0.012|+0.000|+0.000|-0.009|+1.282|+0.000|+0.012|-0.012|-0.000|+0.000|+1.282|
033:+0.000|+0.002|+1.278|+1.278|+0.002|+0.000|-0.000|+0.000|+0.114|-0.004|-0.000|+0.000|+0.111|+1.275|-0.000|-0.002|+0.000|-0.000|+0.000|+1.273|
034:+0.001|+0.002|+1.274|+1.273|+0.002|-0.000|-0.008|-0.000|-0.112|+0.120|+0.019|+0.000|-0.019|+1.275|+0.000|+0.112|-0.003|-0.000|+0.000|+1.384|
035:+0.001|+0.002|+1.367|+1.385|+0.002|+0.000|+0.082|+0.000|+0.000|-0.117|-0.018|+0.000|-0.017|+1.267|+0.000|-0.000|+0.117|+0.019|+0.000|+1.365|
036:+0.020|+0.018|+1.366|+1.367|+0.018|+0.000|-0.001|-0.000|+0.000|+0.000|+0.006|+0.000|-0.006|+1.349|+0.000|-0.000|+0.000|+0.000|+0.000|+1.348|
037:+0.021|+0.017|+1.359|+1.365|+0.017|+0.000|+0.017|+0.000|-0.112|-0.000|-0.026|+0.000|-0.069|+1.348|+0.000|+0.000|+0.000|+0.006|+0.000|+1.342|
038:+0.020|+0.001|+1.386|+1.366|+0.001|+0.000|+0.019|+0.000|+0.110|-0.111|+0.020|+0.000|-0.002|+1.365|+0.000|-0.112|-0.000|-0.020|+0.000|+1.273|
039:+0.000|+0.002|+1.275|+1.275|+0.002|+0.000|-0.114|-0.000|-0.006|+0.115|-0.000|+0.000|-0.006|+1.384|+0.000|-0.002|-0.111|+0.000|+0.000|+1.271|
