MI|TE1|rTE1|TE2|rTE2|2|3_1|3_2|4_1|4_2|5|6_1|6_2|3_1_I|3_2_I|4_1_I|4_2_I|5_I|6_1_I|6_2_I|
001:+0.001|+0.002|+1.304|+1.303|+0.002|-0.000|+0.004|+0.000|-0.008|-0.009|+0.000|+0.000|-0.013|+1.300|+0.000|+0.008|+0.001|-0.000|+0.000|+1.309|
002:+0.000|+0.002|+1.298|+1.298|+0.002|-0.000|-0.007|+0.000|-0.000|+0.017|-0.001|+0.000|+0.010|+1.304|+0.000|+0.000|-0.008|+0.000|+0.000|+1.296|
003:+0.001|+0.002|+1.309|+1.308|+0.002|-0.000|-0.003|-0.000|+0.010|-0.010|+0.000|+0.000|-0.003|+1.297|+0.000|-0.000|+0.009|-0.000|+0.000|+1.307|
004:+0.001|+0.001|+1.295|+1.295|+0.001|-0.000|+0.005|+0.000|-0.013|+0.002|+0.001|+0.000|-0.007|+1.293|-0.000|+0.010|-0.000|-0.000|+0.000|+1.303|
005:+0.000|+0.002|+1.302|+1.302|+0.002|+0.000|+0.000|-0.000|-0.001|+0.004|-0.001|+0.000|+0.004|+1.298|+0.000|-0.003|+0.002|+0.001|+0.000|+1.296|
006:+0.001|+0.002|+1.306|+1.306|+0.002|-0.000|-0.002|+0.000|+0.011|-0.005|+0.000|+0.000|+0.005|+1.298|-0.000|-0.004|+0.006|-0.000|+0.000|+1.300|
007:+0.000|+0.002|+1.300|+1.300|+0.002|+0.000|-0.000|+0.000|-0.011|+0.000|-0.000|+0.000|-0.011|+1.296|+0.000|+0.007|+0.002|+0.000|+0.000|+1.305|
008:+0.001|+0.001|+1.300|+1.300|+0.001|-0.000|+0.001|+0.000|-0.008|+0.000|+0.000|+0.000|-0.007|+1.296|+0.000|-0.004|+0.002|-0.000|+0.000|+1.294|
009:+0.000|+0.002|+1.301|+1.301|+0.002|+0.000|+0.002|-0.000|+0.015|-0.001|-0.000|+0.000|+0.017|+1.297|+0.000|-0.012|+0.002|+0.000|+0.000|+1.287|
010:+0.001|+0.001|+1.303|+1.302|+0.001|-0.000|+0.004|+0.000|-0.009|+0.001|+0.000|+0.000|-0.005|+1.300|-0.000|+0.003|+0.001|-0.000|+0.000|+1.305|
011:+0.000|+0.002|+1.307|+1.307|+0.002|+0.000|-0.002|+0.000|+0.011|-0.003|-0.000|+0.000|+0.006|+1.303|+0.000|-0.006|+0.002|+0.000|+0.000|+1.299|
012:+0.000|+0.002|+1.302|+1.302|+0.002|+0.000|+0.000|+0.000|-0.006|-0.001|-0.000|+0.000|-0.006|+1.301|+0.000|+0.006|-0.001|-0.000|+0.000|+1.306|
013:+0.001|+0.002|+1.302|+1.301|+0.002|+0.000|-0.002|-0.000|-0.003|+0.007|+0.001|+0.000|+0.001|+1.301|+0.000|+0.000|-0.002|-0.000|+0.000|+1.300|
014:+0.000|+0.001|+1.306|+1.306|+0.001|+0.000|-0.006|+0.000|+0.000|+0.001|+0.000|+0.000|-0.004|+1.300|-0.000|-0.003|+0.005|+0.000|+0.000|+1.301|
015:+0.000|+0.001|+1.301|+1.301|+0.001|+0.000|+0.015|-0.000|+0.015|-0.025|-0.001|+0.000|+0.005|+1.294|+0.000|-0.003|+0.006|+0.000|+0.000|+1.297|
016:+0.000|+0.002|+1.292|+1.292|+0.002|+0.000|-0.009|+0.000|-0.012|+0.023|+0.000|+0.000|+0.001|+1.308|-0.000|+0.012|-0.018|-0.000|+0.000|+1.302|
017:+0.000|+0.002|+1.305|+1.305|+0.002|-0.000|+0.001|+0.000|+0.001|-0.003|+0.000|+0.000|-0.003|+1.299|+0.000|+0.000|+0.005|+0.000|+0.000|+1.304|
018:+0.000|+0.002|+1.301|+1.302|+0.002|+0.000|+0.008|+0.000|+0.010|-0.016|-0.001|+0.000|+0.004|+1.299|+0.000|+0.001|+0.001|+0.001|+0.000|+1.301|
019:+0.001|+0.002|+1.295|+1.294|+0.002|+0.000|-0.009|+0.000|-0.013|+0.020|+0.000|+0.000|-0.003|+1.308|+0.000|+0.011|-0.015|-0.000|+0.000|+1.304|
020:+0.001|+0.001|+1.305|+1.305|+0.001|+0.000|-0.000|+0.000|+0.009|-0.007|-0.000|+0.000|+0.002|+1.299|+0.000|-0.002|+0.005|+0.000|+0.000|+1.302|
021:+0.001|+0.002|+1.299|+1.299|+0.002|+0.000|+0.001|-0.000|-0.010|+0.007|+0.001|+0.000|-0.003|+1.299|+0.000|+0.007|-0.002|-0.000|+0.000|+1.304|
022:+0.000|+0.002|+1.305|+1.306|+0.002|+0.000|+0.007|+0.000|+0.005|-0.012|-0.000|+0.000|-0.000|+1.299|+0.000|-0.003|+0.005|+0.000|+0.000|+1.301|
023:+0.000|+0.002|+1.301|+1.301|+0.002|+0.000|-0.002|+0.000|+0.001|+0.004|-0.000|+0.000|+0.004|+1.306|+0.000|+0.002|-0.007|+0.000|+0.000|+1.301|
024:+0.000|+0.001|+1.303|+1.303|+0.001|+0.000|+0.002|+0.000|-0.022|+0.007|-0.000|+0.000|-0.014|+1.304|+0.000|+0.003|-0.003|+0.000|+0.000|+1.304|
025:+0.001|+0.002|+1.312|+1.312|+0.002|-0.000|-0.009|-0.000|+0.096|+0.006|+0.001|+0.000|+0.093|+1.306|+0.000|-0.020|+0.004|-0.000|+0.000|+1.291|
026:+0.000|+0.001|+1.309|+1.309|+0.001|+0.000|+0.008|+0.000|-0.077|+0.068|-0.000|+0.000|-0.001|+1.297|+0.000|+0.077|+0.011|+0.000|+0.000|+1.384|
027:+0.000|+0.002|+1.386|+1.386|+0.002|+0.000|+0.079|+0.000|-0.000|-0.078|-0.000|+0.000|+0.001|+1.305|+0.000|+0.000|+0.079|+0.000|+0.000|+1.383|
028:+0.000|+0.001|+1.386|+1.386|+0.001|+0.000|-0.000|+0.000|+0.000|-0.000|-0.000|+0.000|-0.000|+1.384|+0.000|-0.000|+0.000|+0.000|+0.000|+1.384|
029:+0.001|+0.002|+1.386|+1.385|+0.002|+0.000|+0.001|-0.000|-0.000|+0.000|+0.000|+0.000|+0.000|+1.384|+0.000|+0.000|+0.000|-0.000|+0.000|+1.384|
030:+0.000|+0.001|+1.386|+1.386|+0.001|+0.000|-0.001|-0.000|+0.000|-0.000|-0.000|+0.000|-0.001|+1.384|+0.000|-0.000|+0.000|+0.000|+0.000|+1.384|
031:+0.001|+0.002|+1.386|+1.386|+0.002|-0.000|+0.001|+0.000|+0.000|-0.000|+0.000|+0.000|+0.000|+1.384|-0.000|-0.000|-0.000|-0.000|+0.000|+1.384|
032:+0.000|+0.002|+1.386|+1.386|+0.002|+0.000|-0.001|+0.000|-0.000|+0.000|-0.000|+0.000|-0.000|+1.384|+0.000|+0.000|-0.000|-0.000|+0.000|+1.384|
033:+0.001|+0.002|+1.386|+1.385|+0.002|+0.000|+0.001|-0.000|+0.000|-0.000|+0.001|+0.000|+0.001|+1.383|+0.000|+0.000|+0.000|-0.001|+0.000|+1.384|
034:+0.000|+0.001|+1.386|+1.386|+0.001|+0.000|-0.001|+0.000|+0.000|-0.000|-0.000|+0.000|-0.001|+1.385|+0.000|+0.000|-0.000|-0.000|+0.000|+1.385|
035:+0.001|+0.002|+1.385|+1.385|+0.002|-0.000|+0.001|+0.000|+0.000|-0.000|+0.001|+0.000|+0.000|+1.384|+0.000|+0.000|-0.000|-0.000|+0.000|+1.384|
036:+0.000|+0.001|+1.385|+1.385|+0.001|+0.000|-0.001|-0.000|-0.000|+0.001|-0.001|+0.000|-0.000|+1.385|+0.000|+0.000|-0.001|+0.001|+0.000|+1.384|
037:+0.001|+0.002|+1.386|+1.385|+0.002|+0.000|+0.000|+0.000|+0.000|-0.000|+0.000|+0.000|+0.000|+1.384|+0.000|-0.000|-0.000|-0.000|+0.000|+1.384|
038:+0.000|+0.002|+1.386|+1.386|+0.002|+0.000|+0.000|-0.000|-0.001|+0.000|+0.000|+0.000|-0.000|+1.384|+0.000|+0.000|-0.000|-0.000|+0.000|+1.384|
039:+0.000|+0.002|+1.386|+1.386|+0.002|+0.000|+0.000|+0.000|-0.000|-0.000|-0.001|+0.000|+0.001|+1.384|+0.000|-0.000|+0.000|+0.000|+0.000|+1.384|
