MI|TE1|rTE1|TE2|rTE2|2|3_1|3_2|4_1|4_2|5|6_1|6_2|3_1_I|3_2_I|4_1_I|4_2_I|5_I|6_1_I|6_2_I|
001:+0.000|+0.002|+1.301|+1.301|+0.002|-0.000|-0.002|-0.000|-0.008|+0.004|-0.000|+0.000|-0.005|+1.303|+0.000|+0.001|-0.004|+0.001|+0.000|+1.300|
002:+0.000|+0.001|+1.303|+1.303|+0.001|-0.000|-0.002|+0.000|-0.002|+0.004|+0.000|+0.000|-0.000|+1.301|-0.000|-0.006|+0.000|+0.000|+0.000|+1.295|
003:+0.000|+0.002|+1.305|+1.305|+0.002|+0.000|+0.003|+0.000|+0.015|-0.009|-0.000|+0.000|+0.009|+1.299|-0.000|-0.008|+0.004|+0.000|+0.000|+1.295|
004:+0.000|+0.002|+1.299|+1.299|+0.002|-0.000|-0.004|-0.000|-0.004|+0.006|-0.000|+0.000|-0.002|+1.302|+0.000|+0.007|-0.006|+0.000|+0.000|+1.303|
005:+0.000|+0.002|+1.301|+1.301|+0.002|+0.000|+0.004|+0.000|+0.002|-0.001|+0.001|+0.000|+0.005|+1.298|-0.000|+0.003|+0.000|-0.000|+0.000|+1.301|
006:+0.000|+0.002|+1.303|+1.304|+0.002|-0.000|+0.000|-0.000|-0.008|-0.000|-0.000|+0.000|-0.008|+1.302|+0.000|+0.005|-0.000|+0.000|+0.000|+1.306|
007:+0.000|+0.002|+1.304|+1.304|+0.002|-0.000|+0.001|-0.000|+0.010|-0.004|-0.000|+0.000|+0.008|+1.302|+0.000|-0.003|-0.000|+0.000|+0.000|+1.299|
008:+0.000|+0.001|+1.300|+1.300|+0.001|+0.000|+0.000|+0.000|-0.014|+0.006|-0.000|+0.000|-0.008|+1.303|-0.000|+0.007|-0.004|+0.000|+0.000|+1.306|
009:+0.001|+0.002|+1.307|+1.307|+0.002|+0.000|+0.001|-0.000|+0.008|-0.008|+0.000|+0.000|+0.000|+1.303|+0.000|-0.007|+0.002|-0.000|+0.000|+1.299|
010:+0.000|+0.002|+1.300|+1.300|+0.002|+0.000|+0.002|+0.000|-0.010|+0.005|-0.000|+0.000|-0.004|+1.304|-0.000|+0.001|-0.006|-0.000|+0.000|+1.299|
011:+0.001|+0.002|+1.306|+1.306|+0.002|+0.000|-0.005|-0.000|+0.007|+0.000|+0.001|+0.000|+0.002|+1.306|+0.000|-0.010|-0.002|-0.000|+0.000|+1.295|
012:+0.000|+0.002|+1.301|+1.301|+0.002|-0.000|-0.006|+0.000|+0.008|+0.001|-0.000|+0.000|+0.003|+1.301|-0.000|-0.002|-0.002|+0.000|+0.000|+1.297|
013:+0.000|+0.002|+1.296|+1.296|+0.002|+0.000|+0.002|-0.000|-0.005|+0.005|+0.000|+0.000|+0.002|+1.295|+0.000|+0.006|-0.001|+0.000|+0.000|+1.300|
014:+0.000|+0.002|+1.303|+1.303|+0.002|-0.000|+0.006|+0.000|-0.006|-0.004|-0.000|+0.000|-0.004|+1.297|+0.000|+0.001|+0.004|+0.000|+0.000|+1.302|
015:+0.000|+0.002|+1.305|+1.305|+0.002|+0.000|-0.004|-0.000|+0.008|+0.004|+0.000|+0.000|+0.008|+1.303|+0.000|-0.005|-0.000|-0.000|+0.000|+1.298|
016:+0.000|+0.002|+1.304|+1.304|+0.002|+0.000|-0.001|+0.000|-0.004|+0.004|-0.000|+0.000|-0.001|+1.299|+0.000|+0.003|+0.004|+0.000|+0.000|+1.306|
017:+0.000|+0.002|+1.308|+1.308|+0.002|+0.000|-0.001|-0.000|-0.004|+0.001|+0.001|+0.000|-0.004|+1.298|+0.000|-0.001|+0.008|+0.000|+0.000|+1.305|
018:+0.000|+0.002|+1.307|+1.308|+0.002|-0.000|+0.005|+0.000|+0.015|-0.016|-0.000|+0.000|+0.005|+1.297|+0.000|-0.005|+0.009|+0.001|+0.000|+1.301|
019:+0.000|+0.002|+1.298|+1.298|+0.002|-0.000|-0.002|-0.000|-0.016|+0.010|-0.001|+0.000|-0.008|+1.302|+0.000|+0.010|-0.006|+0.000|+0.000|+1.306|
020:+0.001|+0.002|+1.306|+1.306|+0.002|+0.000|-0.000|+0.000|+0.012|-0.007|+0.000|+0.000|+0.005|+1.301|-0.000|-0.006|+0.003|-0.000|+0.000|+1.298|
021:+0.000|+0.001|+1.299|+1.299|+0.001|+0.000|+0.002|+0.000|-0.000|-0.001|-0.000|+0.000|+0.001|+1.300|+0.000|+0.006|-0.003|-0.000|+0.000|+1.303|
022:+0.001|+0.001|+1.300|+1.300|+0.001|+0.000|-0.002|-0.000|-0.009|+0.011|+0.000|+0.000|-0.001|+1.303|+0.000|+0.006|-0.004|-0.000|+0.000|+1.304|
023:+0.000|+0.002|+1.309|+1.309|+0.002|+0.000|-0.001|+0.000|+0.003|-0.006|+0.000|+0.000|-0.003|+1.301|+0.000|-0.004|+0.007|+0.000|+0.000|+1.304|
024:+0.000|+0.002|+1.303|+1.303|+0.002|+0.000|-0.007|-0.000|-0.007|+0.012|-0.000|+0.000|-0.001|+1.300|+0.000|-0.000|+0.001|+0.000|+0.000|+1.300|
025:+0.000|+0.002|+1.309|+1.309|+0.002|+0.000|+0.006|+0.263|+0.012|+0.072|-0.000|+0.349|+0.005|+1.293|-0.000|-0.007|+0.013|-0.000|+0.000|+1.299|
026:+0.000|+0.002|+1.038|+1.037|+0.002|+0.000|+0.085|-0.036|+0.003|-0.085|-0.000|-0.000|-0.004|+1.299|+0.263|+0.005|+0.085|-0.000|+0.349|+1.304|
027:+0.001|+0.001|+1.038|+1.065|+0.001|-0.028|+0.000|+0.010|-0.002|-0.000|+0.001|-0.004|+0.009|+1.384|+0.227|+0.008|+0.000|-0.001|+0.348|+1.300|
028:+0.000|+0.001|+1.041|+1.066|+0.001|-0.025|-0.012|+0.000|+0.075|-0.000|+0.014|-0.036|+0.053|+1.385|+0.237|+0.006|+0.000|+0.000|+0.345|+1.309|
029:+0.001|+0.013|+1.063|+1.066|+0.010|+0.008|-0.013|+0.057|-0.082|-0.082|-0.028|-0.081|+0.009|+1.373|+0.238|+0.082|-0.000|+0.014|+0.309|+1.361|
030:+0.014|+0.012|+1.076|+1.077|+0.016|-0.012|-0.063|+0.050|-0.000|+0.090|+0.014|+0.007|+0.014|+1.360|+0.295|+0.000|-0.082|-0.014|+0.228|+1.370|
031:+0.000|+0.002|+1.072|+1.042|+0.002|+0.030|-0.002|+0.001|-0.000|-0.000|-0.000|+0.000|+0.000|+1.297|+0.344|+0.000|+0.007|-0.000|+0.235|+1.384|
032:+0.001|+0.001|+1.070|+1.040|+0.002|+0.029|+0.005|+0.003|-0.076|-0.009|+0.001|+0.028|-0.077|+1.295|+0.345|-0.000|+0.007|-0.000|+0.235|+1.384|
033:+0.000|+0.002|+1.037|+1.037|+0.002|+0.000|-0.002|-0.089|+0.076|+0.088|-0.001|+0.083|-0.009|+1.300|+0.349|-0.076|-0.002|+0.000|+0.263|+1.307|
034:+0.001|+0.001|+1.040|+1.040|+0.002|-0.000|+0.086|-0.026|-0.004|-0.086|+0.001|+0.004|-0.005|+1.298|+0.260|-0.000|+0.086|-0.000|+0.346|+1.298|
035:+0.000|+0.002|+1.035|+1.066|+0.002|-0.030|+0.000|+0.005|-0.009|+0.000|-0.000|-0.003|+0.001|+1.384|+0.234|-0.004|-0.000|+0.001|+0.350|+1.293|
036:+0.001|+0.001|+1.038|+1.069|+0.002|-0.031|-0.013|-0.009|+0.097|+0.000|+0.013|-0.046|+0.066|+1.384|+0.239|-0.012|+0.000|+0.000|+0.347|+1.294|
037:+0.001|+0.015|+1.071|+1.071|+0.012|+0.010|-0.009|+0.074|-0.085|-0.078|-0.027|-0.064|+0.013|+1.371|+0.230|+0.084|+0.000|+0.013|+0.301|+1.360|
038:+0.014|+0.010|+1.070|+1.069|+0.012|-0.010|-0.058|+0.045|-0.000|+0.070|+0.015|-0.006|+0.010|+1.362|+0.303|-0.000|-0.078|-0.014|+0.237|+1.374|
039:+0.000|+0.001|+1.064|+1.037|+0.001|+0.028|+0.003|-0.003|+0.000|+0.007|-0.001|+0.005|-0.000|+1.304|+0.349|-0.000|-0.009|+0.001|+0.232|+1.384|
